01-02-2022  00-02-00
   1.5000           0     1
   1.5200           0     2
   1.5401           0     3
   1.5601           0     4
   1.5801           0     5
   1.6002           0     6
   1.6202           0     7
   1.6402         165     8
   1.6602         188     9
   1.6803         207    10
   1.7003         222    11
   1.7203         233    12
   1.7404         219    13
   1.7604         207    14
   1.7804         186    15
   1.8005         190    16
   1.8205         197    17
   1.8405         265    18
   1.8605         188    19
   1.8806         196    20
   1.9006         196    21
   1.9206         194    22
   1.9407         210    23
   1.9607         212    24
   1.9807         129    25
   2.0008         129    26
   2.0208         214    27
   2.0408         224    28
   2.0608         216    29
   2.0809         286    30
   2.1009         302    31
   2.1209         396    32
   2.1410         229    33
   2.1610         416    34
   2.1810         401    35
   2.2011         391    36
   2.2211         230    37
   2.2411         344    38
   2.2612         125    39
   2.2812         247    40
   2.3012         353    41
   2.3212         231    42
   2.3413         687    43
   2.3613         464    44
   2.3813         249    45
   2.4014         377    46
   2.4214         376    47
   2.4414         936    48
   2.4615         663    49
   2.4815         893    50
   2.5015         475    51
   2.5215         545    52
   2.5416         344    53
   2.5616         166    54
   2.5816         172    55
   2.6017         537    56
   2.6217         376    57
   2.6417         459    58
   2.6618         190    59
   2.6818         268    60
   2.7018         271    61
   2.7219         271    62
   2.7419         282    63
   2.7619         368    64
   2.7819         520    65
   2.8020         303    66
   2.8220         381    67
   2.8420         371    68
   2.8621         449    69
   2.8821         354    70
   2.9021         286    71
   2.9222         231    72
   2.9422         330    73
   2.9622         392    74
   2.9822         371    75
   3.0023         250    76
   3.0223         255    77
   3.0423         341    78
   3.0624         338    79
   3.0824         244    80
   3.1024         304    81
   3.1225         383    82
   3.1425         163    83
   3.1625         168    84
   3.1825         327    85
   3.2026         268    86
   3.2226         495    87
   3.2426         386    88
   3.2627         304    89
   3.2827         155    90
   3.3027         299    91
   3.3228         145    92
   3.3428         695    93
   3.3628         286    94
   3.3829         535    95
   3.4029         529    96
   3.4229         560    97
   3.4429         460    98
   3.4630          82    99
   3.4830           0   100
   3.5030           0   101
   3.5231           0   102
   3.5431           0   103
   3.5631           0   104
   3.5832           0   105
   3.6032          61   106
   3.6232           0   107
   3.6432           0   108
   3.6633           0   109
   3.6833           0   110
   3.7033           0   111
   3.7234           0   112
   3.7434           0   113
   3.7634           0   114
   3.7835           0   115
   3.8035           0   116
   3.8235           0   117
   3.8435           0   118
   3.8636           0   119
   3.8836           0   120
   3.9036           0   121
   3.9237           0   122
   3.9437           0   123
   3.9637           0   124
   3.9838           0   125
   4.0038           0   126
   4.0238           0   127
   4.0439           0   128
   4.0639           0   129
   4.0839           0   130
   4.1039           0   131
   4.1240           0   132
   4.1440           0   133
   4.1640           0   134
   4.1841           0   135
   4.2041           0   136
   4.2241           0   137
   4.2442           0   138
   4.2642           0   139
   4.2842           0   140
   4.3042           0   141
   4.3243           0   142
   4.3443           0   143
   4.3643           0   144
   4.3844           0   145
   4.4044           0   146
   4.4244           0   147
   4.4445           0   148
   4.4645           0   149
   4.4845           0   150
   4.5046           0   151
   4.5246           0   152
   4.5446           0   153
   4.5646           0   154
   4.5847           0   155
   4.6047           0   156
   4.6247           0   157
   4.6448           0   158
   4.6648           0   159
   4.6848           0   160
   4.7049           0   161
   4.7249           0   162
   4.7449           0   163
   4.7649           0   164
   4.7850           0   165
   4.8050           0   166
   4.8250           0   167
   4.8451           0   168
   4.8651           0   169
   4.8851           0   170
   4.9052           0   171
   4.9252           0   172
   4.9452           0   173
   4.9652           0   174
   4.9853           0   175
   5.0053           0   176
   5.0253           0   177
   5.0454           0   178
   5.0654           0   179
   5.0854           0   180
   5.1055           0   181
   5.1255           0   182
   5.1455           0   183
   5.1656           0   184
   5.1856           0   185
   5.2056           0   186
   5.2256           0   187
   5.2457           0   188
   5.2657           0   189
   5.2857           0   190
   5.3058           0   191
   5.3258           0   192
   5.3458           0   193
   5.3659           0   194
   5.3859           0   195
   5.4059           0   196
   5.4259           0   197
   5.4460           0   198
   5.4660           0   199
   5.4860           0   200
   5.5061           0   201
   5.5261           0   202
   5.5461           0   203
   5.5662           0   204
   5.5862           0   205
   5.6062           0   206
   5.6263           0   207
   5.6463           0   208
   5.6663           0   209
   5.6863           0   210
   5.7064           0   211
   5.7264           0   212
   5.7464           0   213
   5.7665           0   214
   5.7865           0   215
   5.8065           0   216
   5.8266           0   217
   5.8466           0   218
   5.8666           0   219
   5.8866           0   220
   5.9067           0   221
   5.9267           0   222
   5.9467           0   223
   5.9668           0   224
   5.9868           0   225
   6.0068           0   226
   6.0269           0   227
   6.0469           0   228
   6.0669           0   229
   6.0869           0   230
   6.1070           0   231
   6.1270           0   232
   6.1470           0   233
   6.1671           0   234
   6.1871           0   235
   6.2071           0   236
   6.2272           0   237
   6.2472           0   238
   6.2672           0   239
   6.2873           0   240
   6.3073           0   241
   6.3273           0   242
   6.3473           0   243
   6.3674           0   244
   6.3874           0   245
   6.4074           0   246
   6.4275           0   247
   6.4475           0   248
   6.4675           0   249
   6.4876           0   250
   6.5076           0   251
   6.5276           0   252
   6.5476           0   253
   6.5677           0   254
   6.5877           0   255
   6.6077           0   256
   6.6278           0   257
   6.6478           0   258
   6.6678           0   259
   6.6879           0   260
   6.7079           0   261
   6.7279           0   262
   6.7479           0   263
   6.7680           0   264
   6.7880           0   265
   6.8080           0   266
   6.8281           0   267
   6.8481           0   268
   6.8681           0   269
   6.8882           0   270
   6.9082           0   271
   6.9282           0   272
   6.9483           0   273
   6.9683           0   274
   6.9883           0   275
   7.0083           0   276
   7.0284           0   277
   7.0484           0   278
   7.0684           0   279
   7.0885           0   280
   7.1085           0   281
   7.1285           0   282
   7.1486           0   283
   7.1686           0   284
   7.1886           0   285
   7.2086           0   286
   7.2287           0   287
   7.2487           0   288
   7.2687           0   289
   7.2888           0   290
   7.3088           0   291
   7.3288           0   292
   7.3489           0   293
   7.3689           0   294
   7.3889           0   295
   7.4090           0   296
   7.4290           0   297
   7.4490           0   298
   7.4690           0   299
   7.4891           0   300
   7.5091           0   301
   7.5291           0   302
   7.5492           0   303
   7.5692           0   304
   7.5892           0   305
   7.6093           0   306
   7.6293           0   307
   7.6493           0   308
   7.6693           0   309
   7.6894           0   310
   7.7094           0   311
   7.7294           0   312
   7.7495           0   313
   7.7695           0   314
   7.7895           0   315
   7.8096           0   316
   7.8296           0   317
   7.8496           0   318
   7.8696           0   319
   7.8897           0   320
   7.9097           0   321
   7.9297           0   322
   7.9498           0   323
   7.9698           0   324
   7.9898           0   325
   8.0099           0   326
   8.0299           0   327
   8.0499           0   328
   8.0700           0   329
   8.0900           0   330
   8.1100           0   331
   8.1300           0   332
   8.1501           0   333
   8.1701           0   334
   8.1901           0   335
   8.2102           0   336
   8.2302           0   337
   8.2502           0   338
   8.2703           0   339
   8.2903           0   340
   8.3103           0   341
   8.3303           0   342
   8.3504           0   343
   8.3704           0   344
   8.3904           0   345
   8.4105           0   346
   8.4305           0   347
   8.4505           0   348
   8.4706           0   349
   8.4906           0   350
   8.5106           0   351
   8.5306           0   352
   8.5507           0   353
   8.5707           0   354
   8.5907           0   355
   8.6108           0   356
   8.6308           0   357
   8.6508           0   358
   8.6709           0   359
   8.6909           0   360
   8.7109           0   361
   8.7310           0   362
   8.7510           0   363
   8.7710           0   364
   8.7910           0   365
   8.8111           0   366
   8.8311           0   367
   8.8511           0   368
   8.8712           0   369
   8.8912           0   370
   8.9112           0   371
   8.9313           0   372
   8.9513           0   373
   8.9713           0   374
   8.9913           0   375
   9.0114           0   376
   9.0314           0   377
   9.0514           0   378
   9.0715           0   379
   9.0915           0   380
   9.1115           0   381
   9.1316           0   382
   9.1516           0   383
   9.1716           0   384
   9.1917           0   385
   9.2117           0   386
   9.2317           0   387
   9.2517           0   388
   9.2718           0   389
   9.2918           0   390
   9.3118           0   391
   9.3319           0   392
   9.3519           0   393
   9.3719           0   394
   9.3920           0   395
   9.4120           0   396
   9.4320           0   397
   9.4520           0   398
   9.4721           0   399
   9.4921           0   400
   9.5121           0   401
   9.5322           0   402
   9.5522           0   403
   9.5722           0   404
   9.5923           0   405
   9.6123           0   406
   9.6323           0   407
   9.6523           0   408
   9.6724           0   409
   9.6924           0   410
   9.7124           0   411
   9.7325           0   412
   9.7525           0   413
   9.7725           0   414
   9.7926           0   415
   9.8126           0   416
   9.8326           0   417
   9.8527           0   418
   9.8727           0   419
   9.8927           0   420
   9.9127           0   421
   9.9328           0   422
   9.9528           0   423
   9.9728           0   424
   9.9929           0   425
  10.0129           0   426
  10.0329           0   427
  10.0530           0   428
  10.0730           0   429
  10.0930           0   430
  10.1130           0   431
  10.1331           0   432
  10.1531           0   433
  10.1731           0   434
  10.1932           0   435
  10.2132           0   436
  10.2332           0   437
  10.2533           0   438
  10.2733           0   439
  10.2933           0   440
  10.3133           0   441
  10.3334           0   442
  10.3534           0   443
  10.3734           0   444
  10.3935           0   445
  10.4135           0   446
  10.4335           0   447
  10.4536           0   448
  10.4736           0   449
  10.4936           0   450
  10.5137           0   451
  10.5337           0   452
  10.5537           0   453
  10.5737           0   454
  10.5938           0   455
  10.6138           0   456
  10.6338           0   457
  10.6539           0   458
  10.6739           0   459
  10.6939           0   460
  10.7140           0   461
  10.7340           0   462
  10.7540           0   463
  10.7740           0   464
  10.7941           0   465
  10.8141           0   466
  10.8341           0   467
  10.8542           0   468
  10.8742           0   469
  10.8942           0   470
  10.9143           0   471
  10.9343           0   472
  10.9543           0   473
  10.9744           0   474
  10.9944           0   475
  11.0144           0   476
  11.0344           0   477
  11.0545           0   478
  11.0745           0   479
  11.0945           0   480
  11.1146           0   481
  11.1346           0   482
  11.1546           0   483
  11.1747           0   484
  11.1947           0   485
  11.2147           0   486
  11.2347           0   487
  11.2548           0   488
  11.2748           0   489
  11.2948           0   490
  11.3149           0   491
  11.3349           0   492
  11.3549           0   493
  11.3750           0   494
  11.3950           0   495
  11.4150           0   496
  11.4350           0   497
  11.4551           0   498
  11.4751           0   499
  11.4951           0   500
  11.5152           0   501
  11.5352           0   502
  11.5552           0   503
  11.5753           0   504
  11.5953           0   505
  11.6153           0   506
  11.6354           0   507
  11.6554           0   508
  11.6754           0   509
  11.6954           0   510
  11.7155           0   511
  11.7355           0   512
  11.7555           0   513
  11.7756           0   514
  11.7956           0   515
  11.8156           0   516
  11.8357           0   517
  11.8557           0   518
  11.8757           0   519
  11.8957           0   520
  11.9158           0   521
  11.9358           0   522
  11.9558           0   523
  11.9759           0   524
  11.9959           0   525
  12.0159           0   526
  12.0360           0   527
  12.0560           0   528
  12.0760           0   529
  12.0960           0   530
  12.1161           0   531
  12.1361           0   532
  12.1561           0   533
  12.1762           0   534
  12.1962           0   535
  12.2162           0   536
  12.2363           0   537
  12.2563           0   538
  12.2763           0   539
  12.2964           0   540
  12.3164           0   541
  12.3364           0   542
  12.3564           0   543
  12.3765           0   544
  12.3965           0   545
  12.4165           0   546
  12.4366           0   547
  12.4566           0   548
  12.4766           0   549
  12.4967           0   550
  12.5167           0   551
  12.5367           0   552
  12.5567           0   553
  12.5768           0   554
  12.5968           0   555
  12.6168           0   556
  12.6369           0   557
  12.6569           0   558
  12.6769           0   559
  12.6970           0   560
  12.7170           0   561
  12.7370           0   562
  12.7571           0   563
  12.7771           0   564
  12.7971           0   565
  12.8171           0   566
  12.8372           0   567
  12.8572           0   568
  12.8772           0   569
  12.8973           0   570
  12.9173           0   571
  12.9373           0   572
  12.9574           0   573
  12.9774           0   574
  12.9974           0   575
  13.0174           0   576
  13.0375           0   577
  13.0575           0   578
  13.0775           0   579
  13.0976           0   580
  13.1176           0   581
  13.1376           0   582
  13.1577           0   583
  13.1777           0   584
  13.1977           0   585
  13.2177           0   586
  13.2378           0   587
  13.2578           0   588
  13.2778           0   589
  13.2979           0   590
  13.3179           0   591
  13.3379           0   592
  13.3580           0   593
  13.3780           0   594
  13.3980           0   595
  13.4181           0   596
  13.4381           0   597
  13.4581           0   598
  13.4781           0   599
  13.4982           0   600
  13.5182           0   601
  13.5382           0   602
  13.5583           0   603
  13.5783           0   604
  13.5983           0   605
  13.6184           0   606
  13.6384           0   607
  13.6584           0   608
  13.6784           0   609
  13.6985           0   610
  13.7185           0   611
  13.7385           0   612
  13.7586           0   613
  13.7786           0   614
  13.7986           0   615
  13.8187           0   616
  13.8387           0   617
  13.8587           0   618
  13.8788           0   619
  13.8988           0   620
  13.9188           0   621
  13.9388           0   622
  13.9589           0   623
  13.9789           0   624
  13.9989           0   625
  14.0190           0   626
  14.0390           0   627
  14.0590           0   628
  14.0791           0   629
  14.0991           0   630
  14.1191           0   631
  14.1391           0   632
  14.1592           0   633
  14.1792           0   634
  14.1992           0   635
  14.2193           0   636
  14.2393           0   637
  14.2593           0   638
  14.2794           0   639
  14.2994           0   640
  14.3194           0   641
  14.3394           0   642
  14.3595           0   643
  14.3795           0   644
  14.3995           0   645
  14.4196           0   646
  14.4396           0   647
  14.4596           0   648
  14.4797           0   649
  14.4997           0   650
  14.5197           0   651
  14.5398           0   652
  14.5598           0   653
  14.5798           0   654
  14.5998           0   655
  14.6199           0   656
  14.6399           0   657
  14.6599           0   658
  14.6800           0   659
  14.7000           0   660
