  8  225      1.6402   273.43750       76
  8  233      1.6402   283.20313       89
  9  226      1.6602   274.65820       87
  9  233      1.6602   283.20313      101
 10  228      1.6803   277.09961      100
 10  234      1.6803   284.42383      107
 11  228      1.7003   277.09961      100
 11  234      1.7003   284.42383      122
 12  228      1.7203   277.09961      100
 12  234      1.7203   284.42383      133
 13  228      1.7404   277.09961      100
 13  234      1.7404   284.42383      119
 14  229      1.7604   278.32031       96
 14  235      1.7604   285.64453      111
 15  236      1.7804   286.86523      111
 15  456      1.7804   555.41992       75
 16  236      1.8005   286.86523      118
 16  456      1.8005   555.41992       72
 17  237      1.8205   288.08594      118
 17  453      1.8205   551.75781       79
 18  234      1.8405   284.42383      114
 18  453      1.8405   551.75781       79
 18  457      1.8405   556.64063       72
 19  234      1.8605   284.42383      116
 19  457      1.8605   556.64063       72
 20  234      1.8806   284.42383      116
 20  457      1.8806   556.64063       80
 21  240      1.9006   291.74805      118
 21  457      1.9006   556.64063       78
 22  241      1.9206   292.96875      118
 22  470      1.9206   572.50977       76
 23  242      1.9407   294.18945      118
 23  470      1.9407   572.50977       92
 24  244      1.9607   296.63086      118
 24  468      1.9607   570.06836       94
 25  245      1.9807   297.85156      129
 26  245      2.0008   297.85156      129
 27  246      2.0208   299.07227      129
 27  486      2.0208   592.04102       85
 28  246      2.0408   299.07227      127
 28  486      2.0408   592.04102       97
 29  246      2.0608   299.07227      119
 29  487      2.0608   593.26172       97
 30  251      2.0809   305.17578      120
 30  488      2.0809   594.48242       91
 30  498      2.0809   606.68945       75
 31  251      2.1009   305.17578      120
 31  498      2.1009   606.68945       94
 32  251      2.1209   305.17578      120
 32  499      2.1209   607.91016      102
 32  504      2.1209   614.01367       86
 33  253      2.1410   307.61719      120
 33  499      2.1410   607.91016      109
 34  255      2.1610   310.05859      120
 34  500      2.1610   609.13086       99
 34  503      2.1610   612.79297      104
 35  256      2.1810   311.27930      120
 35  503      2.1810   612.79297       95
 35  510      2.1810   621.33789       99
 36  257      2.2011   312.50000      118
 36  510      2.2011   621.33789       96
 37  261      2.2211   317.38281      124
 38  261      2.2411   317.38281      119
 38  267      2.2411   324.70703      124
 39  269      2.2612   327.14844      125
 40  273      2.2812   332.03125      144
 41  274      2.3012   333.25195      136
 42  275      2.3212   334.47266      117
 43  280      2.3413   340.57617      118
 43  285      2.3413   346.67969      122
 43  290      2.3413   352.78320      138
 44  281      2.3613   341.79688      114
 44  284      2.3613   345.45898      120
 44  291      2.3613   354.00391      142
 45  280      2.3813   340.57617      109
 45  292      2.3813   355.22461      140
 45  318      2.3813   386.96289       92
 46  279      2.4014   339.35547      103
 46  294      2.4014   357.66602      135
 46  303      2.4014   368.65234      139
 47  294      2.4214   357.66602      110
 47  304      2.4214   369.87305      133
 47  307      2.4214   373.53516      133
 48  305      2.4414   371.09375      121
 48  308      2.4414   374.75586      123
 48  312      2.4414   379.63867      101
 48  321      2.4414   390.62500      121
 48  328      2.4414   399.16992      127
 48  331      2.4414   402.83203      122
 48  340      2.4414   413.81836      105
 48  343      2.4414   417.48047      116
 49  320      2.4615   389.40430      108
 49  329      2.4615   400.39063      127
 49  340      2.4615   413.81836       95
 49  344      2.4615   418.70117      105
 49  360      2.4615   438.23242      114
 49  364      2.4615   443.11523      114
 50  277      2.4815   336.91406       92
 50  329      2.4815   400.39063      102
 50  332      2.4815   404.05273       99
 50  346      2.4815   421.14258       99
 50  350      2.4815   426.02539      103
 50  360      2.4815   438.23242      106
 50  365      2.4815   444.33594      107
 50  379      2.4815   461.42578       96
 50  410      2.4815   499.26758       89
 51  277      2.5015   336.91406      107
 51  342      2.5015   416.25977       85
 51  347      2.5015   422.36328       93
 51  366      2.5015   445.55664      101
 51  410      2.5015   499.26758       89
 52  277      2.5215   336.91406      101
 52  342      2.5215   416.25977       85
 52  347      2.5215   422.36328       84
 52  367      2.5215   446.77734       93
 52  397      2.5215   483.39844       93
 52  409      2.5215   498.04688       89
 53  277      2.5416   336.91406       92
 53  367      2.5416   446.77734       79
 53  396      2.5416   482.17773       88
 53  408      2.5416   496.82617       85
 54  277      2.5616   336.91406       91
 54  396      2.5616   482.17773       75
 55  277      2.5816   336.91406       91
 56  276      2.6017   335.69336       92
 57  276      2.6217   335.69336       92
 58  275      2.6417   334.47266       97
 59  275      2.6618   334.47266      109
 60  275      2.6818   334.47266      120
 61  275      2.7018   334.47266      120
 62  275      2.7219   334.47266      120
 63  255      2.7419   310.05859       71
 63  275      2.7419   334.47266      125
 64  255      2.7619   310.05859       79
 64  267      2.7619   324.70703       72
 64  275      2.7619   334.47266      131
 65  255      2.7819   310.05859       83
 65  269      2.7819   327.14844       72
 65  275      2.7819   334.47266      131
 66  255      2.8020   310.05859       87
 66  275      2.8020   334.47266      135
 67  256      2.8220   311.27930       87
 67  276      2.8220   335.69336      133
 68  257      2.8420   312.50000       75
 68  275      2.8420   334.47266      133
 69  257      2.8621   312.50000       75
 69  263      2.8621   319.82422       90
 69  275      2.8621   334.47266      125
 70  258      2.8821   313.72070       77
 70  274      2.8821   333.25195      122
 71  275      2.9021   334.47266      122
 72  275      2.9222   334.47266      141
 73  275      2.9422   334.47266      141
 74  275      2.9622   334.47266      141
 74  282      2.9622   343.01758      142
 75  277      2.9822   336.91406      139
 75  283      2.9822   344.23828      143
 76  278      3.0023   338.13477      156
 77  278      3.0223   338.13477      156
 78  280      3.0423   340.57617      156
 79  282      3.0624   343.01758      158
 80  282      3.0824   343.01758      158
 81  282      3.1024   343.01758      151
 81  293      3.1024   356.44531      153
 82  278      3.1225   338.13477      101
 82  283      3.1225   344.23828      122
 82  293      3.1225   356.44531      160
 83  293      3.1425   356.44531      163
 84  292      3.1625   355.22461      168
 85  294      3.1825   357.66602      163
 85  299      3.1825   363.76953      164
 86  297      3.2026   361.32813      164
 87  298      3.2226   362.54883      147
 87  302      3.2226   367.43164      149
 88  295      3.2426   358.88672      126
 88  304      3.2426   369.87305      152
 89  306      3.2627   372.31445      150
 89  314      3.2627   382.08008      154
 90  314      3.2827   382.08008      155
 91  315      3.3027   383.30078      146
 91  320      3.3027   389.40430      153
 92  323      3.3228   393.06641      145
 93  323      3.3428   393.06641      129
 93  335      3.3428   407.71484      131
 93  346      3.3428   421.14258      161
 93  354      3.3428   430.90820      135
 93  367      3.3428   446.77734      139
 94  337      3.3628   410.15625      131
 94  346      3.3628   421.14258      155
 95  348      3.3829   423.58398      123
 95  354      3.3829   430.90820      142
 95  368      3.3829   447.99805      153
 95  395      3.3829   480.95703      117
 96  366      3.4029   445.55664      136
 96  373      3.4029   454.10156      124
 96  380      3.4029   462.64648      131
 96  406      3.4029   494.38477      138
 97  383      3.4229   466.30859      100
 97  393      3.4229   478.51563      105
 97  406      3.4229   494.38477      124
 97  411      3.4229   500.48828      127
 97  433      3.4229   527.34375      104
 98  383      3.4429   466.30859       81
 98  392      3.4429   477.29492       98
 98  405      3.4429   493.16406       85
 98  412      3.4