          íÄÅãàñÄ ëêÖÑçÖåÖëüóçõï áçÄóÖçàâ àçÑÖäëÄ
                ëéãçÖóçéâ ÄäíàÇçéëíà F10.7
          1    2    3    4    5    6    7    8    9    10   11   12
1948:   1481 1298 1336 2095 2310 2023 1890 1773 1648 1570 1594 1841
1949:   1752 2128 2010 1833 1584 1631 1653 1794 1739 1759 1741 1580
1950:   1442 1386 1356 1652 1604 1331 1384 1240  991  984  988  959
1951:   1026  986 1010 1279 1727 1672 1198 1128 1193 1044 1007  979
1952:    910  839  772  846  828  877  919  953  819  815  802  814
1953:    794  703  693  816  746  753  723  769  748  716  694  678
1954:    658  673  713  695  695  691  702  718  708  726  704  717
1955:    803  791  742  775  848  918  899  933  960 1103 1262 1279
1956:   1346 1620 1584 1672 1666 1589 1684 1988 2022 1988 2416 2413
1957:   2207 1806 1950 2014 2126 2601 2252 2070 2689 2793 2504 2733
1958:   2401 2050 2475 2477 2238 2270 2314 2429 2457 2246 2024 2268
1959:   2623 2011 2257 2115 2177 2239 2097 2398 1961 1630 1790 1734
1960:   1936 1649 1445 1682 1666 1672 1694 1784 1658 1402 1438 1318
1961:   1162 1025 1030 1057 1012 1135 1198 1086 1132  954  870  901
1962:    900  986  990  967 1002  939  837  789  900  865  822  785
1963:    755  771  772  796  899  857  785  830  859  835  792  746
1964:    720  743  748  730  707  713  692  710  707  724  713  752
1965:    750  727  730  724  799  794  768  766  772  791  751  741
1966:    850  821  894  978 1006  994 1101 1092 1124 1079 1108 1214
1967:   1430 1434 1590 1308 1469 1240 1449 1575 1335 1351 1421 1579
1968:   1831 1689 1412 1304 1584 1468 1417 1457 1425 1514 1355 1439
1969:   1477 1515 1706 1565 1487 1673 1411 1466 1387 1529 1532 1391
1970:   1532 1712 1568 1631 1722 1599 1570 1416 1448 1473 1585 1480
1971:   1574 1344 1108 1175 1124 1049 1212 1169 1051 1064 1115 1207
1972:   1111 1384 1271 1137 1325 1397 1260 1289 1149 1202  994  997
1973:    990  963  994 1058  991  942  872  849 1068  871  797  815
1974:    804  789  784  867  926  890  955  851  887  971  883  786
1975:    750  724  717  712  716  719  797  927  804  753  791  723
1976:    724  688  759  768  722  728  698  766  739  754  713  743
1977:    749  803  758  782  814  945  837  864 1009  963  916  989
1978:   1061 1418 1403 1505 1497 1468 1354 1169 1596 1571 1482 1700
1979:   1965 1991 1840 1750 1689 1860 1714 1770 2023 2164 2268 1972
1980:   1996 1951 1665 2093 2291 1993 1908 1703 1859 2029 2134 2188
1981:   1690 1995 2032 2247 1989 1619 1982 2260 2219 2228 2033 2014
1982:   1734 2089 2083 1629 1479 1774 1648 1721 1671 1609 1637 1932
1983:   1377 1196 1173 1199 1402 1430 1291 1275 1102 1117  904  905
1984:   1124 1372 1208 1297 1311 1035  922  858  789  731  746  735
1985:    721  719  725  757  820  785  813  733  702  742  726  724
1986:    709  815  762  756  742  697  725  701  694  824  755  704
1987:    702  698  733  855  898  804  870  922  870  974  990  915
1988:   1046 1024 1138 1236 1179 1438 1576 1580 1541 1687 1528 1935
1989:   2278 2170 2030 1909 1944 2472 1878 2225 2284 2074 2300 2063
1990:   2034 1741 1870 1866 1940 1763 1866 2281 1793 1809 1803 1985
1991:   2221 2372 2276 1945 2001 2133 2189 2155 1825 2000 1683 2170
1992:   2106 2265 1696 1597 1282 1204 1365 1251 1180 1300 1420 1346
1993:   1172 1391 1350 1167 1109 1128 1022  960  879  997  938 1015
1994:   1113  972  895  797  817  797  832  780  799  871  791  815
1995:    800  835  842  782  771  781  763  757  728  775  726  703
1996:    721  698  700  699  717  718  795  742  701  687  769  753
1997:    716  720  728  750  763  740  734  810  972  843  974  957
1998:    904  911 1080 1090 1090 1118 1177 1394 1398 1166 1371 1455
1999:   1381 1386 1249 1180 1519 1752 1710 1750 1372 1637 1874 1645
2000:   1539 1539 2061 1855 1887 1855 2114 1672 1838 1666 1749 1682
2001:   1613 1431 1761 1793 1512 1792 1356 1671 2362 2066 2081 2282 
2002:   2201 2001 1784 1911 1824 1534 1792 1881 1778 1659 1651 1523
2003:   1394 1214 1308 1272 1187 1334 1319 1252 1134 1501 1377 1114
2004:   1104 1044 1110 1019 1021 1005 1224 1127 1041 1051 1112  921
2005:    990  949  890  866 1017  966  996  928  921  761  844  879
2006:    808  747  747  896  827  790  783  814  786  738  844  819
2007:    808  758  715  729  760  760  740  709  678  671  681  761
2008:    719  694  722  707  699  680  678  680  678  678  671  670
2009:    673  683  686  703  721  708  704  690  711  718  720  744
2010:    785  827  825  765  754  748  824  815  819  812  807  816
2011:    808  923 1146 1133  979  988  972 1043 1359 1363 1498 1368
2012:   1289 1042 1138 1139 1242 1247 1405 1186 1243 1224 1183 1050
2013:   1230 1017 1101 1260 1342 1102 1156 1147 1027 1323 1484 1477
2014:   1586 1703 1499 1443 1300 1222 1373 1247 1461 1537 1553 1587
2015:   1417 1288 1260 1292 1201 1232 1070 1062 1021 1041 1096 1128
2016:   1035 1035  916  934  931  819  859  850  878  861  787  751
2017:   774   769  746  809  735  748  777  779  920  764  721  715 
2018:   700   720  684  700  709  725  697  691  683  695  689  700 
2019:   716   706  715  724  713  681  671  670  680  675  702  709 
2020:   723   709  702  696  621  697  695  717  706  746  901  873 
2021:   761   743  765  747  756  798  810  779  874  901  866 1029
2022:   1041 1092 1178 1306 1340 1160 1256 1181 1347 1328 1236 1485
2023:   1825 1721 1575 1459 1560 1624 1775 1539 1582 1678 1744 1749
2024:   1760 1737 1764 1801 1836 1797 1795 1834 1792 1802 1850 1793
2025:   1785 1865 1897 1862 1831 1788 1811 1812 1762 1711 1696 1692
2026:   1679 1659 1627 1574 1582 1564 1527 1485



