  f  zad   ion[i,j]
   1    90  116
   1  1000    1
   5    80   94
   5    81   92
   5   228  107
   5   236  100
   5   237   92
   5   360   91
   5   361   91
   6   236   92
   6   435   89
   7   224   90
   7   225   84
   7   229   80
   7   669   81
   8   223   87
   8   224   96
   8   225   76
   8   229   89
   8   230   79
   8   231   91
   8   232  100
   8   233   89
   8   269   77
   8   322   79
   8   406   76
   8   442   89
   8   443   86
   8   444   77
   8   447   81
   8   448   82
   9   223   89
   9   224   99
   9   225   87
   9   226   88
   9   227   86
   9   229  103
   9   230  109
   9   231  106
   9   232  112
   9   233  113
   9   234   95
   9   269   76
   9   270   80
   9   447   79
   9   641   75
   9   659   78
  10   191   78
  10   192   82
  10   223   83
  10   224   88
  10   225  106
  10   226  113
  10   227  109
  10   228  100
  10   229  110
  10   230  120
  10   231  101
  10   232  116
  10   233  132
  10   234  118
  10   235   83
  10   443   81
  10   464   77
  10   692   79
  11   192   76
  11   225  107
  11   226  122
  11   227  118
  11   228   86
  11   229  100
  11   230  120
  11   231  126
  11   232  137
  11   233  145
  11   234  135
  11   235  107
  11   443   82
  11   444   76
  12   225  102
  12   226  120
  12   227  119
  12   228   95
  12   229   93
  12   230  106
  12   231  120
  12   232  141
  12   233  148
  12   234  142
  12   235  122
  12   457   80
  12   462   79
  13   157   78
  13   158   79
  13   226  109
  13   227  116
  13   228   93
  13   229   82
  13   230   83
  13   231   98
  13   232  128
  13   233  137
  13   234  133
  13   235  119
  13   236  104
  13   445   75
  13   455   83
  13   456   91
  13   457   89
  13   463   78
  13   732   74
  14   158   73
  14   226   92
  14   227  109
  14   228  104
  14   229   96
  14   230   96
  14   231   90
  14   232  106
  14   233  108
  14   234  111
  14   236  106
  14   237   96
  14   242   73
  14   445   76
  14   455   91
  14   456   95
  14   457   88
  14   665   82
  14   666   76
  14   732   74
  15   227   97
  15   228   96
  15   230   94
  15   231   92
  15   232  102
  15   234  109
  15   235  115
  15   236  114
  15   237  105
  15   238   98
  15   317   73
  15   444   74
  15   445   77
  15   451   71
  15   452   75
  15   455   83
  15   456   77
  15   457   75
  15   468   72
  15   469   75
  15   665   75
  16   227   80
  16   230   91
  16   231  111
  16   232  109
  16   233  103
  16   234  123
  16   235  130
  16   236  118
  16   238  110
  16   239   99
  16   278   73
  16   443   78
  16   444   80
  16   445   75
  16   450   78
  16   453   79
  16   454   81
  16   455   72
  16   460   74
  16   462   72
  16   469   72
  16   470   74
  16   471   76
  16   676   73
  17   230   80
  17   231  119
  17   232  120
  17   233  106
  17   234  127
  17   235  129
  17   236  127
  17   237  120
  17   238  119
  17   239  102
  17   445   72
  17   446   75
  17   447   77
  17   450   75
  17   451   78
  17   452   80
  17   453   88
  17   454   79
  17   456   72
  17   457   75
  17   465   77
  17   471   80
  17   676   76
  18   229   77
  18   230   95
  18   231  125
  18   232  136
  18   233  133
  18   234  114
  18   235  107
  18   236  118
  18   237  126
  18   238  120
  18   239   98
  18   446   78
  18   447   76
  18   448   73
  18   450   79
  18   451   91
  18   452   92
  18   453   84
  18   457   77
  18   465   80
  18   470   74
  18   471   76
  18   684   71
  19   227   73
  19   228   74
  19   230   96
  19   231  124
  19   232  139
  19   233  139
  19   234  116
  19   235   97
  19   237  117
  19   238  114
  19   239   72
  19   451   85
  19   452   81
  19   456   82
  19   457   80
  19   460   76
  19   461   80
  19   470   81
  19   471   75
  19   683   74
  19   684   77
  19   685   79
  19   686   84
  19   687   83
  20   230   77
  20   231  107
  20   232  128
  20   233  135
  20   234  127
  20   235  107
  20   236   89
  20   237  110
  20   238  117
  20   239  102
  20   240  105
  20   241   93
  20   455   87
  20   456   94
  20   457   84
  20   459   71
  20   461   81
  20   462   87
  20   467   74
  20   480   78
  20   685   75
  20   686   86
  20   687   84
  20   688   77
  20   689   76
  21   231   69
  21   232  106
  21   233  118
  21   234  115
  21   235  109
  21   236   81
  21   237  108
  21   238  117
  21   239  124
  21   240  127
  21   241  118
  21   242   95
  21   243   82
  21   455   84
  21   456   91
  21   457   86
  21   458   78
  21   459   75
  21   461   77
  21   462   93
  21   463   85
  21   464   71
  21   474   72
  21   479   70
  21   480   77
  22   233   90
  22   235   96
  22   236  107
  22   237  110
  22   239  123
  22   240  133
  22   241  131
  22   242  123
  22   243  106
  22   456   72
  22   462   95
  22   463   86
  22   465   77
  22   468   83
  22   469   76
  22   470   76
  22   480   70
  22   485   76
  22   694   89
  22   695   81
  22   699   71
  22   700   74
  23   235   79
  23   236   91
  23   237  113
  23   238  116
  23   239  122
  23   240  113
  23   241  127
  23   242  126
  23   243  121
  23   244  108
  23   245   84
  23   462   90
  23   463   98
  23   464   95
  23   465   94
  23   467   92
  23   468  102
  23   469  101
  23   470   94
  23   471   83
  23   472   87
  23   473   84
  23   485   74
  23   668   73
  23   688   75
  23   692   80
  23   693   89
  23   694   93
  23   695   82
  23   699   80
  23   700   73
  24   237  111
  24   238  130
  24   239  125
  24   240  101
  24   241  115
  24   242   97
  24   243  121
  24   244  129
  24   245  114
  24   246   87
  24   463   94
  24   464   98
  24   465  100
  24   466  101
  24   467  104
  24   468  105
  24   469   99
  24   470   92
  24   471   92
  24   472   94
  24   473   89
  24   478   75
  24   667   72
  24   688   71
  24   694   83
  24   695   79
  24   698   78
  24   699   70
  25   237  111
  25   238  129
  25   239  131
  25   240  118
  25   242  112
  25   243  129
  25   244  139
  25   245  135
  25   246  120
  25   247   95
  25   466   94
  25   467   95
  25   480   84
  25   481   75
  25   709   81
  25   710   75
  25   727   79
  25   755   83
  25   756   80
  26   237  105
  26   238  115
  26   239  123
  26   240  125
  26   241  118
  26   242  131
  26   243  135
  26   244  129
  26   245  139
  26   246  137
  26   247  119
  26   248   81
  26   473   89
  26   480   90
  26   708   81
  26   709   84
  26   736   78
  26   755   79
  26   756   79
  26   757   75
  26   770   76
  27   237   89
  27   238   73
  27   239   95
  27   240  123
  27   241  129
  27   242  133
  27   243  130
  27   244   93
  27   245  132
  27   246  140
  27   247  134
  27   248  117
  27   249  102
  27   250   80
  27   340   74
  27   472   80
  27   473   87
  27   474   81
  27   476   76
  27   477   88
  27   479   87
  27   480   91
  27   481   75
  27   482   78
  27   483   86
  27   484   90
  27   485   85
  27   487   85
  27   700   81
  28   239   82
  28   240  111
  28   241  114
  28   242  106
  28   243  126
  28   244  126
  28   245  116
  28   246  127
  28   247  130
  28   248  129
  28   249  126
  28   250  116
  28   251  100
  28   295   83
  28   296   82
  28   302   83
  28   324   81
  28   325   82
  28   332   81
  28   339   85
  28   340   89
  28   341   86
  28   342   82
  28   477   84
  28   478   90
  28   479   92
  28   480   85
  28   482   86
  28   483  102
  28   484  107
  28   485   99
  28   486   86
  28   487   97
  28   488   87
  28   489   82
  29   240   94
  29   241   94
  29   242   89
  29   243  116
  29   244  123
  29   245   96
  29   246  111
  29   247  101
  29   248  114
  29   249  130
  29   250  131
  29   251  126
  29   252  114
  29   253   95
  29   295   83
  29   301   80
  29   302   82
  29   303   81
  29   309   81
  29   310   81
  29   318   79
  29   322   80
  29   331   80
  29   332   80
  29   340   87
  29   341   86
  29   342   81
  29   482   81
  29   483   98
  29   484  108
  29   485  108
  29   486  104
  29   487  105
  29   488  103
  29   489   93
  30   242   81
  30   243   99
  30   244  117
  30   245  119
  30   246  103
  30   247   81
  30   248  111
  30   249  118
  30   250  119
  30   251  136
  30   252  130
  30   253  107
  30   484   91
  30   485   96
  30   486   86
  30   487   91
  30   488   99
  30   489   91
  30   496   84
  30   497   89
  30   498   81
  30   499   75
  30   711   87
  30   712   93
  30   713   78
  30   719   73
  30   720   76
  30   727   74
  30   728   74
  31   169   76
  31   244  102
  31   245  115
  31   246  110
  31   247  104
  31   248  125
  31   249  121
  31   250  120
  31   251  134
  31   252  133
  31   253  113
  31   489   82
  31   495   84
  31   496  102
  31   497   94
  31   499   94
  31   500   82
  31   711   80
  31   712  100
  31   713  101
  31   714   88
  31   715   84
  31   720   78
  31   739   76
  31   742   81
  32   244   80
  32   245   98
  32   246  110
  32   247  120
  32   248  129
  32   249  132
  32   250  126
  32   251  109
  32   252  128
  32   253  116
  32   255  106
  32   256   99
  32   495   94
  32   496  111
  32   497  110
  32   498  102
  32   499  111
  32   500  101
  32   503   86
  32   504   93
  32   712   96
  32   713  105
  32   714  105
  32   715   99
  32   719   80
  32   724   81
  32   738   81
  32   739   90
  32   740   90
  32   741   92
  32   742   88
  33   246   84
  33   247  107
  33   248  117
  33   249  121
  33   250  120
  33   251  107
  33   252  126
  33   253  124
  33   254  114
  33   255  114
  33   257   84
  33   495   87
  33   496  110
  33   497  118
  33   498  120
  33   499  120
  33   500  109
  33   502   89
  33   503  106
  33   504  107
  33   505   95
  33   506   77
  33   712   80
  33   713   92
  33   714   96
  33   715   99
  33   716   86
  33   717   77
  33   718   84
  33   719   87
  33   720   75
  33   723   85
  33   724   92
  33   739   88
  33   740   93
  33   741   92
  33   742   86
  34   247   84
  34   250  107
  34   251  114
  34   252  125
  34   253  121
  34   255  123
  34   256  115
  34   257  106
  34   496   97
  34   497  106
  34   498  109
  34   499  114
  34   500  111
  34   501   99
  34   502  106
  34   503  113
  34   504  104
  34   510   96
  34   680   78
  34   715   87
  34   721   81
  34   722   96
  34   723  105
  34   724  102
  34   725   78
  34   739   81
  34   750   82
  34   751   82
  34   754   82
  34   755   87
  34   756   79
  34   761   78
  35   252  111
  35   253  122
  35   254  124
  35   255  133
  35   256  132
  35   257  114
  35   259   91
  35   261   95
  35   262   97
  35   502  106
  35   503  107
  35   509  110
  35   510  113
  35   721   82
  35   722  100
  35   723  106
  35   724  104
  35   725   93
  35   750   81
  35   751   85
  35   752   87
  35   753   88
  35   754   90
  35   755   88
  35   756   82
  35   761   85
  35   762   84
  35   763   81
  35   764   81
  35   766   82
  36   252   91
  36   253  112
  36   254  125
  36   255  132
  36   256  132
  36   257  118
  36   258   98
  36   259  115
  36   260  115
  36   261  121
  36   262  115
  36   263  100
  36   264  100
  36   265  109
  36   266  109
  36   267   93
  36   268   89
  36   297   73
  36   503   95
  36   508   99
  36   509  111
  36   510  113
  36   511  105
  36   512   85
  36   513   84
  36   514   95
  36   515   91
  36   516   86
  36   517   88
  36   518  100
  36   519  107
  36   520  101
  36   521   92
  36   522   91
  36   722   88
  36   723   84
  36   724   89
  36   725   87
  36   726   85
  36   727   84
  36   728   87
  36   729   82
  36   732   76
  36   738   82
  36   739   80
  36   752   75
  36   754   75
  36   761   77
  36   762   77
  36   765   76
  36   766   80
  36   767   75
  36   768   77
  37   253   92
  37   254   96
  37   255  113
  37   256  119
  37   257  109
  37   258  121
  37   259  132
  37   260  136
  37   261  134
  37   262  120
  37   264  118
  37   265  131
  37   266  132
  37   267  125
  37   268  110
  37   503   90
  37   508   92
  37   509   95
  37   511   96
  37   513   91
  37   514  101
  37   516   90
  37   517  103
  37   518  107
  37   519  115
  37   520  119
  37   521  117
  37   522  106
  37   776   91
  38   258  119
  38   259  131
  38   260  131
  38   261  131
  38   262  124
  38   264  123
  38   265  137
  38   266  137
  38   267  127
  38   268  124
  38   269  113
  38   520  116
  38   521  121
  38   522  111
  39   265  127
  39   266  130
  39   268  123
  39   269  133
  39   270  130
  39   271  130
  39   272  123
  39   273  113
  39   274  110
  40   265  110
  40   266  117
  40   267  116
  40   268  125
  40   269  135
  40   270  142
  40   271  148
  40   272  148
  40   273  145
  40   274  137
  40   275  124
  40   276  109
  40   527   95
  40   528   99
  40   538  105
  40   539  104
  40   540  108
  40   541  109
  41   265   85
  41   266   90
  41   267  104
  41   268  111
  41   269  115
  41   270  127
  41   271  144
  41   272  151
  41   273  151
  41   274  147
  41   275  136
  41   276  114
  41   277  103
  41   278  107
  41   280   98
  41   282   86
  41   285   91
  41   519   86
  41   524   89
  41   531   91
  41   532   99
  41   533   89
  41   538   98
  41   539  108
  41   540  114
  41   541  114
  41   542  103
  41   543   88
  41   545   90
  41   546  105
  41   547  117
  41   548  125
  41   549  128
  41   550  124
  41   551  115
  41   552  102
  41   556   95
  41   557   89
  41   558   94
  41   559   99
  41   560   94
  41   561   90
  41   564   90
  41   757   88
  42   270   91
  42   271  123
  42   272  131
  42   273  134
  42   274  135
  42   275  132
  42   276  111
  42   277  105
  42   278  126
  42   279  126
  42   280  119
  42   281   94
  42   282   97
  42   283  118
  42   284  122
  42   285  124
  42   286  116
  42   287  103
  42   288  105
  42   289   94
  42   290  101
  42   291   88
  42   521   89
  42   524   86
  42   525   95
  42   526   88
  42   531   85
  42   532   86
  42   539   85
  42   540   97
  42   541  104
  42   542   92
  42   546   90
  42   547  112
  42   548  124
  42   549  127
  42   550  128
  42   551  124
  42   552  114
  42   553   96
  42   554   96
  42   555  105
  42   556  105
  42   558   94
  42   559  111
  42   560  113
  42   561  113
  42   562  110
  42   563  108
  42   564  103
  42   566   85
  42   567   93
  42   568   88
  42   569   81
  42   771   80
  43   271   94
  43   273   91
  43   274   93
  43   275  111
  43   276  117
  43   277  124
  43   278  134
  43   279  133
  43   280  122
  43   281  118
  43   282  126
  43   283  136
  43   284  138
  43   285  134
  43   286  130
  43   287  132
  43   288  136
  43   289  138
  43   290  139
  43   291  132
  43   292  120
  43   293   96
  43   295   86
  43   296   86
  43   547  103
  43   548  100
  43   549  102
  43   550  111
  43   551  109
  43   552  110
  43   553  108
  43   554  104
  43   555  102
  43   556  106
  43   557  103
  43   558  105
  43   559  104
  43   560  107
  43   561  113
  43   562  116
  43   563  114
  43   564  107
  43   565  100
  43   566   96
  43   567   87
  43   569   96
  43   570   96
  43   577   85
  44   276   94
  44   277  115
  44   278  126
  44   279  125
  44   281  114
  44   282  130
  44   283  135
  44   284  133
  44   285  120
  44   286  112
  44   287  130
  44   288  143
  44   289  151
  44   290  154
  44   291  152
  44   292  142
  44   293  120
  44   294  107
  44   295  123
  44   296  125
  44   297  119
  44   298  107
  44   299   98
  44   300  111
  44   301  122
  44   302  122
  44   303  108
  44   304   95
  44   305   98
  44   306  102
  44   307   96
  44   546  102
  44   547  100
  44   556   93
  44   557  100
  44   558  101
  44   562  102
  44   563  100
  44   565   93
  44   569   98
  44   570   98
  44   571   97
  44   572   96
  44   575   91
  44   576   94
  44   577   97
  44   578   92
  44   582  101
  44   583   99
  45   278   96
  45   279  112
  45   280  109
  45   281  110
  45   282  111
  45   283  111
  45   284  110
  45   285   97
  45   287  107
  45   288  127
  45   289  140
  45   290  148
  45   291  150
  45   292  149
  45   293  142
  45   294  137
  45   295  140
  45   296  142
  45   297  137
  45   298  122
  45   300  129
  45   301  145
  45   302  147
  45   303  138
  45   304  119
  45   305  107
  45   306  127
  45   307  130
  45   308  121
  45   309  116
  45   310  107
  45   311   96
  45   312   97
  45   313  101
  45   314   92
  45   315   88
  45   316  101
  45   317   92
  45   318   97
  45   319   91
  45   321   89
  45   545  100
  45   546  100
  45   549   88
  45   568   89
  45   569   92
  45   572  102
  45   573   96
  45   577   89
  45   578   91
  45   579   90
  45   581   90
  45   582  107
  45   583  100
  45   589   95
  45   590   95
  45   670   89
  46   277   90
  46   279  103
  46   280  104
  46   281   89
  46   289  111
  46   290  122
  46   291  118
  46   292  138
  46   293  138
  46   294  131
  46   295  135
  46   296  137
  46   297  134
  46   298  131
  46   299  128
  46   300  139
  46   301  149
  46   302  154
  46   303  150
  46   304  133
  46   305  118
  46   306  141
  46   307  147
  46   308  142
  46   309  125
  46   311  114
  46   312  116
  46   313  100
  46   314   99
  46   315  117
  46   316  126
  46   317  127
  46   318  124
  46   319  121
  46   320  122
  46   321  123
  46   322  119
  46   323  115
  46   324  111
  46   325  111
  46   326  110
  46   327  104
  46   328   96
  46   329   96
  46   330   89
  46   545   92
  46   546   91
  46   560   89
  46   561   91
  46   571   89
  46   572   99
  46   579   90
  46   580   88
  46   581   96
  46   582  104
  46   583   90
  46   585   89
  46   588   88
  46   589   91
  46   595   89
  46   598   91
  46   610   91
  47   276  101
  47   277  101
  47   279   97
  47   286   98
  47   287   97
  47   289  100
  47   292  116
  47   293  112
  47   295  110
  47   296  109
  47   297  104
  47   298  118
  47   299  126
  47   300  129
  47   301  129
  47   302  141
  47   303  144
  47   304  140
  47   305  138
  47   306  143
  47   307  146
  47   308  143
  47   309  131
  47   310  114
  47   311  124
  47   312  121
  47   313   97
  47   314   97
  47   315  123
  47   316  135
  47   317  136
  47   318  124
  47   319  116
  47   320  132
  47   321  136
  47   322  132
  47   323  120
  47   324  119
  47   325  131
  47   326  132
  47   327  119
  47   328  103
  47   329  120
  47   330  125
  47   331  120
  47   332  107
  47   338   98
  47   339  104
  47   340  105
  47   341  105
  47   342  104
  47   343  101
  48   276   94
  48   277   98
  48   300   98
  48   302  113
  48   303  118
  48   304  120
  48   305  121
  48   306  121
  48   307  123
  48   308  125
  48   309  122
  48   310  123
  48   311  121
  48   312  114
  48   313  101
  48   315  111
  48   316  126
  48   317  127
  48   318  115
  48   319   99
  48   320  126
  48   321  129
  48   322  125
  48   323  107
  48   324  105
  48   325  135
  48   326  140
  48   327  127
  48   328  107
  48   329  132
  48   330  139
  48   331  135
  48   332  119
  48   336   97
  48   337  108
  48   338  116
  48   339  118
  48   340  114
  48   341  115
  48   342  121
  48   343  123
  48   344  118
  48   345  102
  48   347  104
  48   348  104
  48   354   97
  48   355  109
  48   356  114
  48   357  114
  48   358  114
  48   359  116
  48   360  115
  48   361  113
  48   362  114
  48   363  116
  48   364  111
  48   365  105
  48   366  104
  48   367  105
  48   368   97
  48   613   96
  48   614   95
  49   276   94
  49   277   98
  49   310  105
  49   311   99
  49   312   88
  49   316  104
  49   317   94
  49   318  107
  49   319  114
  49   320  108
  49   321   99
  49   322   95
  49   323  105
  49   324  117
  49   325  128
  49   326  133
  49   327  132
  49   328  128
  49   329  129
  49   330  132
  49   331  132
  49   332  122
  49   333   98
  49   335   91
  49   336  105
  49   337  112
  49   338  114
  49   339  111
  49   340   94
  49   341   95
  49   342  116
  49   343  122
  49   344  122
  49   345  104
  49   347  110
  49   348  115
  49   349  110
  49   350  106
  49   351  110
  49   352  103
  49   354   93
  49   355  116
  49   356  122
  49   357  118
  49   358  114
  49   359  120
  49   360  122
  49   361  117
  49   362  118
  49   363  125
  49   364  123
  49   365  113
  49   366  110
  49   367  110
  49   368  108
  49   369  102
  49   377   99
  49   378  108
  49   379  105
  49   380   98
  49   397   88
  49   398   91
  49   408   90
  49   409   95
  49   410   89
  49   411   90
  49   412   92
  49   547   89
  49   551   90
  49   555   88
  49   647   88
  50   275   92
  50   276  111
  50   277  107
  50   318   95
  50   319  104
  50   323   91
  50   324  102
  50   325   98
  50   326  107
  50   327  115
  50   328  111
  50   329  101
  50   330  102
  50   331  109
  50   332  113
  50   333   99
  50   336   92
  50   337   92
  50   338   95
  50   340   91
  50   341   95
  50   342   88
  50   343   99
  50   344  112
  50   345  111
  50   346  101
  50   347   99
  50   348  111
  50   349  113
  50   350  114
  50   351  111
  50   352   99
  50   353   87
  50   354   94
  50   355  108
  50   356  112
  50   357  100
  50   359  106
  50   360  109
  50   361   89
  50   362   91
  50   363  116
  50   364  121
  50   365   88
  50   366   98
  50   367   94
  50   368   94
  50   369  109
  50   370   98
  50   371   87
  50   377  100
  50   378  109
  50   379  111
  50   380  105
  50   397   98
  50   398   93
  50   404   88
  50   407   91
  50   408  100
  50   409   92
  50   411   94
  50   412   98
  50   413   91
  50   546   88
  50   547   91
  50   548   89
  50   642   88
  51   274   85
  51   275  108
  51   276  120
  51   277  114
  51   278   88
  51   318   86
  51   319   86
  51   332   90
  51   333   90
  51   340   94
  51   341   96
  51   345  103
  51   346   93
  51   348   95
  51   349   84
  51   350   99
  51   351   95
  51   356   91
  51   359   94
  51   360   89
  51   363   97
  51   364  113
  51   365  107
  51   366  101
  51   367   96
  51   368   99
  51   369  107
  51   370   99
  51   371   87
  51   375   88
  51   376   88
  51   377   89
  51   378   86
  51   379   95
  51   380   96
  51   385   86
  51   392   85
  51   393   87
  51   394   91
  51   395   93
  51   396   95
  51   397  103
  51   404   94
  51   405   87
  51   408   98
  51   412   89
  51   423   84
  51   430   88
  51   431   83
  51   562   84
  51   642   87
  51   643   86
  52   274   93
  52   275  109
  52   276  116
  52   277  111
  52   278   86
  52   340   83
  52   341   85
  52   342   85
  52   345   90
  52   346   89
  52   347   84
  52   348   81
  52   359   87
  52   364  101
  52   365  104
  52   366   87
  52   367   93
  52   368  100
  52   369   94
  52   375   84
  52   376   82
  52   384   83
  52   391   84
  52   393   80
  52   394  101
  52   395  106
  52   396  104
  52   397  101
  52   398   93
  52   399   80
  52   400   84
  52   401   82
  52   404   91
  52   405   98
  52   406   91
  52   407   89
  52   408   96
  52   409   89
  52   413   79
  52   415   85
  52   416   86
  52   424   86
  52   425   84
  52   435   80
  52   439   80
  52   442   85
  52   443   83
  52   486   80
  52   558   83
  52   584   79
  52   606   81
  53   274   92
  53   275   87
  53   276   98
  53   277  101
  53   365   90
  53   368   82
  53   383   90
  53   384   88
  53   394   98
  53   395  101
  53   398   91
  53   399   95
  53   400   95
  53   401   86
  53   405   90
  53   406   96
  53   407   94
  53   408   85
  53   425   87
  53   490   83
  53   607   83
  53   683   85
  54   274   89
  54   275   79
  54   276   89
  54   277   92
  54   366   79
  54   394   89
  54   395   88
  54   399   85
  54   400   87
  54   401   80
  54   406   81
  54   598   79
  54   599   84
  54   600   79
  54   681   79
  54   689   79
  54   700   79
  55   260   75
  55   261   69
  55   272   78
  55   273   89
  55   274   94
  55   276   92
  55   277   91
  55   379   69
  55   395   75
  55   524   70
  55   525   70
  55   533   73
  55   580   69
  55   584   72
  55   586   68
  55   587   70
  55   599   83
  55   600   88
  55   601   81
  55   642   72
  55   643   73
  55   648   73
  55   652   74
  55   677   73
  55   679   74
  55   680   83
  55   681   81
  55   684   78
  55   688   73
  55   689   74
  55   690   76
  55   703   72
  56   260   86
  56   264   78
  56   265   80
  56   273   99
  56   274  107
  56   275   97
  56   276  100
  56   277   92
  56   601   80
  56   602   81
  56   661   80
  56   662   80
  56   666   81
  56   667   90
  56   668   99
  56   669  100
  56   670   96
  56   671   88
  56   674   83
  56   675   93
  56   676   93
  56   677   89
  56   678   82
  56   679   95
  56   680  106
  56   681  106
  56   682  100
  56   683   99
  56   684   88
  56   687   84
  56   688   86
  56   690   82
  56   691   95
  56   692   87
  56   702   80
  57   264   84
  57   273   88
  57   274  116
  57   275  117
  57   276  101
  57   649   79
  57   654   87
  57   655   86
  57   658   81
  57   659   87
  57   660   93
  57   661  100
  57   662   99
  57   663   92
  57   664   86
  57   665   85
  57   666   97
  57   667  110
  57   668  117
  57   669  118
  57   670  113
  57   671  103
  57   672   84
  57   674   95
  57   675  106
  57   676  106
  57   677   91
  57   679   96
  57   680  112
  57   681  115
  57   682  113
  57   683  108
  57   684   93
  57   687   87
  57   688   88
  57   689   86
  57   690   94
  57   691  101
  57   692   98
  57   693   89
  57   694   87
  57   695   90
  57   696   91
  57   697   90
  57   698   82
  57   702   79
  58   252   76
  58   253   76
  58   257   72
  58   264   73
  58   265   72
  58   273   96
  58   274  123
  58   275  121
  58   276   91
  58   572   76
  58   573   79
  58   579   75
  58   597   76
  58   598   74
  58   606   77
  58   611   72
  58   640   79
  58   641   77
  58   648   72
  58   649   78
  58   650   76
  58   651   78
  58   652   84
  58   653   87
  58   654   93
  58   655   96
  58   656   95
  58   657   93
  58   658   96
  58   659  100
  58   660  102
  58   661   99
  58   662   98
  58   663   94
  58   664   78
  58   666   91
  58   667  109
  58   668  115
  58   669  114
  58   670  106
  58   671   97
  58   672   89
  58   673   83
  58   674   92
  58   675  101
  58   676  101
  58   677   87
  58   679   88
  58   680  101
  58   681  102
  58   682  100
  58   683   99
  58   684   85
  58   685   75
  58   686   75
  58   688   71
  58   690   86
  58   691   92
  58   692   87
  58   693   80
  58   694   76
  58   695   86
  58   696   84
  58   697   83
  58   698   80
  59   250   72
  59   251   71
  59   252   74
  59   253   77
  59   271   69
  59   273  109
  59   274  129
  59   275  120
  59   276   76
  59   519   73
  59   539   77
  59   553   72
  59   563   70
  59   573   71
  59   597   74
  59   598   72
  59   599   74
  59   600   72
  59   604   69
  59   624   69
  59   640   85
  59   641   79
  59   651   79
  59   652   83
  59   653   74
  59   654   80
  59   655   84
  59   656   89
  59   657   90
  59   658   83
  59   659   90
  59   660   91
  59   662   78
  59   663   74
  59   664   69
  59   666   72
  59   667   89
  59   668   91
  59   669   90
  59   670   72
  59   675   76
  59   676   82
  59   677   71
  59   680   73
  59   683   78
  59   695   71
  60   250   73
  60   251   75
  60   253   73
  60   270   79
  60   271   93
  60   272   93
  60   273  120
  60   274  133
  60   275  122
  60   276   81
  60   508   72
  60   518   78
  60   538   77
  60   539   89
  60   540   86
  60   541   74
  60   542   68
  60   547   81
  60   553   81
  60   554   73
  60   606   70
  60   624   71
  60   633   70
  60   634   70
  60   640   80
  60   641   71
  60   651   69
  60   652   69
  60   660   81
  61   251   73
  61   253   80
  61   270   86
  61   271  109
  61   272  119
  61   273  122
  61   274  128
  61   275  123
  61   276  102
  61   277   81
  61   508   70
  61   517   74
  61   518   82
  61   519   75
  61   522   71
  61   526   70
  61   536   71
  61   537   77
  61   538   79
  61   539   87
  61   540   87
  61   541   72
  61   542   74
  61   543   71
  61   544   73
  61   546   82
  61   547   87
  61   549   77
  61   550   69
  61   553   85
  61   554   93
  61   555   88
  61   556   77
  61   557   68
  61   559   81
  61   562   68
  61   569   71
  61   573   74
  61   574   75
  61   575   76
  61   576   70
  61   577   74
  61   578   73
  61   579   69
  61   581   73
  61   582   69
  61   624   67
  61   625   73
  61   632   68
  61   633   69
  61   645   68
  61   646   67
  61   660   74
  62   252   76
  62   253   83
  62   254   81
  62   255   72
  62   261   69
  62   262   74
  62   271  112
  62   272  128
  62   273   99
  62   274  122
  62   275  114
  62   276   92
  62   277   93
  62   537   74
  62   539   70
  62   540   82
  62   542   77
  62   544   79
  62   546   95
  62   547  103
  62   548   97
  62   549   93
  62   550   85
  62   551   74
  62   553   82
  62   554   97
  62   555   97
  62   556   90
  62   557   85
  62   558   85
  62   562   79
  62   563   73
  62   569   74
  62   570   74
  62   646   74
  62   647   69
  62   649   70
  62   650   69
  63   252   74
  63   254   80
  63   255   79
  63   261   78
  63   268   77
  63   271  113
  63   272  135
  63   273  137
  63   274  137
  63   275  126
  63   276  111
  63   277  101
  63   540   72
  63   541   81
  63   542   90
  63   543   92
  63   544   97
  63   545  103
  63   546  107
  63   547  107
  63   548  100
  63   549   89
  63   550   77
  63   554   88
  63   649   78
  63   650   74
  64   252   80
  64   253   79
  64   254   89
  64   255   83
  64   260   79
  64   261   86
  64   262   72
  64   263   72
  64   264   76
  64   266   74
  64   267   85
  64   268   79
  64   271  117
  64   272  136
  64   273  138
  64   274  141
  64   275  137
  64   276  125
  64   277  111
  64   278   80
  64   513   73
  64   528   72
  64   529   83
  64   530   92
  64   531   88
  64   541   69
  64   542   90
  64   543   94
  64   544   94
  64   545   99
  64   546   98
  64   547   88
  64   548   83
  64   553   88
  64   554   82
  64   557   70
  64   558   79
  64   586   73
  64   649   71
  65   252   78
  65   253   94
  65   254  101
  65   255   88
  65   261   87
  65   262   84
  65   263   79
  65   264   81
  65   265   76
  65   266   74
  65   267   72
  65   268   76
  65   270   83
  65   271  117
  65   272  132
  65   273   93
  65   274  135
  65   275  131
  65   276  109
  65   277  118
  65   278   89
  65   513   77
  65   529   83
  65   530   96
  65   531   94
  65   532   81
  65   533   76
  65   542   80
  65   543   72
  65   546   78
  65   548   79
  65   553   88
  65   554   93
  65   555   87
  65   556   77
  65   558   80
  65   559   78
  65   565   72
  65   566   76
  65   586   75
  65   587   76
  66   253   87
  66   254  103
  66   255   97
  66   259   75
  66   261   86
  66   265   79
  66   268   80
  66   269   84
  66   270   88
  66   271   99
  66   272  131
  66   273  134
  66   274  141
  66   275  138
  66   276  126
  66   277  126
  66   278  102
  66   523   78
  66   524   85
  66   525   91
  66   526   87
  66   530   84
  66   531   88
  66   532   95
  66   533   89
  66   534   74
  66   546   76
  66   547   89
  66   548   89
  66   549   79
  66   554   90
  66   555   87
  66   560   74
  67   253   77
  67   254   95
  67   255  101
  67   256   89
  67   257   75
  67   258   76
  67   259   84
  67   260   94
  67   261   89
  67   267   73
  67   268   79
  67   269   87
  67   270  102
  67   271  116
  67   272  135
  67   273  132
  67   274  136
  67   275  146
  67   276  141
  67   277  127
  67   278  108
  67   279   85
  67   521   71
  67   523   75
  67   524   96
  67   525  102
  67   526   93
  67   532   92
  67   533   87
  67   534   79
  67   539   71
  67   546   81
  67   547   92
  67   548   87
  67   554   74
  67   555   80
  67   777   70
  68   255   98
  68   256   97
  68   257   79
  68   259   71
  68   260   93
  68   261   95
  68   262   90
  68   263   85
  68   267   86
  68   268   90
  68   269   92
  68   270  110
  68   271  123
  68   272  134
  68   273  119
  68   274  124
  68   275  142
  68   276  133
  68   277  110
  68   278   83
  68   279   94
  68   280   71
  68   522   76
  68   523   84
  68   524   83
  68   525   97
  68   526   99
  68   527   78
  68   530   76
  68   531   81
  68   532   85
  68   534   72
  68   535   85
  68   536   77
  68   539   74
  68   540   76
  68   555   72
  68   658   75
  69   255   96
  69   256   95
  69   259   80
  69   260   81
  69   261   77
  69   262  100
  69   263  101
  69   264   97
  69   265   96
  69   266  101
  69   267  108
  69   268  112
  69   269  114
  69   270  105
  69   271  105
  69   272  132
  69   273  125
  69   274  125
  69   275  132
  69   276  114
  69   277   76
  69   278   94
  69   279  105
  69   280   90
  69   522   78
  69   523   81
  69   525   85
  69   526   97
  69   527   93
  69   528   83
  69   533   76
  69   534   84
  69   535   87
  69   536   73
  69   540   86
  70   254   72
  70   255   91
  70   256   95
  70   257   80
  70   259   82
  70   260   87
  70   261   89
  70   262   97
  70   263   90
  70   264   94
  70   265   73
  70   266  103
  70   267  109
  70   268  111
  70   269  107
  70   270  117
  70   271  126
  70   272  128
  70   273  107
  70   274  104
  70   275  118
  70   276  108
  70   277  107
  70   278  116
  70   279  119
  70   280  108
  70   281   85
  70   282   73
  70   519   71
  70   524   79
  70   525   77
  70   526   78
  70   527   86
  70   528   79
  70   530   70
  70   534   90
  70   535   74
  70   539   81
  70   540   95
  70   541   96
  70   542   84
  71   255   77
  71   256   88
  71   257   86
  71   259   79
  71   260   92
  71   261   98
  71   262   96
  71   263   76
  71   264   99
  71   265   96
  71   266  103
  71   268  102
  71   269   81
  71   270  122
  71   271  134
  71   272  118
  71   273  103
  71   274  126
  71   275  115
  71   276  104
  71   277  104
  71   278  116
  71   279  120
  71   280  113
  71   281  104
  71   283   78
  71   524   79
  71   529   83
  71   530   92
  71   531   92
  71   532   86
  71   533   90
  71   534   99
  71   535   78
  71   537   82
  71   538   81
  71   540   92
  71   541  105
  71   542  101
  71   543   89
  71   544   76
  72   258   84
  72   259   88
  72   261   84
  72   262   95
  72   263  100
  72   264  109
  72   265  113
  72   266  107
  72   267   90
  72   268  103
  72   269  121
  72   270  128
  72   271  125
  72   272  131
  72   273  133
  72   274  144
  72   275  142
  72   276  131
  72   277  110
  72   278  121
  72   279  120
  72   280  109
  72   281  127
  72   282  113
  72   283   84
  72   529   88
  72   530   94
  72   531   97
  72   532   98
  72   533  103
  72   534  108
  72   535   98
  72   537   95
  72   540   86
  72   541  104
  72   542   97
  72   543   85
  72   544   87
  73   259   88
  73   260   82
  73   261   83
  73   263   84
  73   264  104
  73   265  107
  73   266  104
  73   267   81
  73   268  101
  73   269  128
  73   270  131
  73   271  105
  73   272  141
  73   273  145
  73   274  147
  73   275  151
  73   276  141
  73   277  123
  73   278  125
  73   279  139
  73   280  145
  73   281  148
  73   282  139
  73   283  117
  73   284   98
  73   532   83
  73   533   85
  73   534  107
  73   535  110
  73   536  108
  73   537  112
  73   538  108
  73   539  100
  73   540  105
  73   541   89
  73   544   85
  73   545   84
  74   260   92
  74   261   84
  74   264   87
  74   265   85
  74   266   84
  74   267  105
  74   268  111
  74   269  118
  74   270  132
  74   271  143
  74   272  151
  74   273  135
  74   274  131
  74   275  149
  74   276  126
  74   277  115
  74   278  113
  74   279  145
  74   280  154
  74   281  152
  74   282  147
  74   283  142
  74   284  125
  74   285   99
  74   286   95
  74   534   95
  74   535  105
  74   536  100
  74   537  112
  74   538  119
  74   539  119
  74   540  116
  74   541   99
  74   542   89
  74   543   91
  74   544   91
  74   548   81
  74   549   81
  74   551   83
  74   552   79
  75   260   89
  75   261   88
  75   265   87
  75   266  104
  75   267  115
  75   268   96
  75   270  116
  75   271  142
  75   272  152
  75   273  148
  75   274  143
  75   275  147
  75   276  137
  75   277  139
  75   278  141
  75   279  130
  75   280  146
  75   281  139
  75   282  125
  75   283  153
  75   284  148
  75   285  130
  75   286  108
  75   535   91
  75   537   98
  75   538  110
  75   539  109
  75   540  113
  75   541  110
  75   542   97
  75   544   92
  75   545   97
  75   546   97
  75   547   84
  75   549   84
  76   265   93
  76   266  115
  76   267  119
  76   268  102
  76   270  107
  76   271  124
  76   272  138
  76   273  147
  76   274  132
  76   275  137
  76   276  161
  76   277  165
  76   278  156
  76   279  131
  76   280  132
  76   281  130
  76   282  143
  76   283  158
  76   284  154
  76   285  132
  76   286  115
  76   287  100
  76   288   96
  76   293   81
  76   535   85
  76   538   85
  76   540   93
  76   541  102
  76   542   85
  76   544   90
  76   545  108
  76   546  109
  76   547  100
  76   548   94
  76   549   90
  76   552   85
  76   553   90
  76   554   91
  76   555   85
  76   558   85
  77   265   95
  77   266  112
  77   267  114
  77   268  110
  77   269  105
  77   270  100
  77   272  105
  77   273  133
  77   274  139
  77   275  150
  77   276  168
  77   277  172
  77   278  167
  77   279  157
  77   280  137
  77   281  134
  77   282  150
  77   283  155
  77   284  148
  77   285  121
  77   286  115
  77   287  127
  77   288  114
  77   535   80
  77   541   87
  77   544   95
  77   545  103
  77   546   99
  77   547  104
  77   548  110
  77   549  106
  77   550   89
  77   552   79
  77   553   83
  77   554   85
  77   555   90
  77   556   80
  77   558   94
  77   559   81
  78   265   87
  78   266   96
  78   268   94
  78   269   99
  78   270   88
  78   272   86
  78   273  114
  78   274  127
  78   275  148
  78   276  162
  78   277  162
  78   278  151
  78   279  161
  78   280  159
  78   281  139
  78   282  135
  78   283  144
  78   284  119
  78   285  133
  78   286  131
  78   287  138
  78   288  130
  78   289  103
  78   545   86
  78   547   86
  78   548  104
  78   549  110
  78   550  106
  78   551   96
  78   556   99
  78   557  100
  78   558   99
  78   559   94
  78   560   94
  78   561   86
  79   272   87
  79   273   93
  79   274   89
  79   275  123
  79   276  141
  79   277  141
  79   278  110
  79   279  152
  79   280  166
  79   281  161
  79   282  158
  79   283  152
  79   284  134
  79   285  126
  79   286  115
  79   287  137
  79   288  136
  79   289  118
  79   290  108
  79   291  111
  79   292   97
  79   293   95
  79   294   81
  79   549   94
  79   550  105
  79   551  106
  79   552   93
  79   553   80
  79   555   84
  79   556  106
  79   557  108
  79   558   86
  79   560   93
  79   561  100
  79   562   92
  79   563   84
  79   566   93
  79   567   87
  80   272   79
  80   273   97
  80   274  101
  80   276  112
  80   277  115
  80   278  129
  80   279  138
  80   280  159
  80   281  170
  80   282  169
  80   283  161
  80   284  144
  80   285  123
  80   286  112
  80   287  129
  80   288  128
  80   289  113
  80   290   81
  80   291  134
  80   292  139
  80   293  130
  80   294  102
  80   550   86
  80   551  103
  80   552   94
  80   556  104
  80   557  105
  80   558   82
  80   560   86
  80   561  101
  80   562   93
  80   563   84
  80   564   84
  80   565   96
  80   566  112
  80   567  114
  80   568  107
  80   569   97
  80   570   85
  80   667   79
  81   273  100
  81   274  109
  81   275  111
  81   276  104
  81   277  102
  81   278  106
  81   280  139
  81   281  160
  81   282  162
  81   283  151
  81   284  127
  81   285  119
  81   286  109
  81   287  120
  81   288  130
  81   289  120
  81   290  140
  81   291  154
  81   292  160
  81   293  154
  81   294  134
  81   295  110
  81   296   96
  81   557   95
  81   558   93
  81   560   96
  81   565  105
  81   566  119
  81   567  121
  81   568  109
  82   274  104
  82   275  111
  82   276  113
  82   277  112
  82   278  101
  82   280  116
  82   281  138
  82   282  136
  82   283  122
  82   284  118
  82   285  120
  82   286  132
  82   287  140
  82   288  153
  82   289  162
  82   290  167
  82   291  154
  82   292  160
  82   293  169
  82   294  153
  82   295  104
  82   296  119
  82   297  125
  82   298  105
  82   560   96
  82   566  111
  82   567  114
  82   571   95
  82   572   97
  82   573  104
  82   576   98
  82   577   96
  83   276  100
  83   277  101
  83   278   99
  83   281  113
  83   282  102
  83   284  113
  83   285  132
  83   286  139
  83   287  137
  83   288  153
  83   289  176
  83   290  181
  83   291  166
  83   292  169
  83   293  175
  83   294  163
  83   295  146
  83   296  149
  83   297  155
  83   298  148
  83   299  136
  83   300  120
  83   566   95
  83   567  101
  83   573  100
  83   574  104
  83   576  108
  83   577  112
  83   578  109
  83   583  102
  84   284  109
  84   285  120
  84   286  127
  84   287  122
  84   288  145
  84   289  176
  84   290  183
  84   291  181
  84   292  179
  84   293  168
  84   294  149
  84   295  158
  84   296  152
  84   297  167
  84   298  172
  84   299  166
  84   300  154
  84   301  137
  84   302  114
  84   308  101
  84   577  107
  84   578  106
  84   582  102
  84   583  110
  84   584  111
  84   585  105
  85   287  125
  85   288  149
  85   289  167
  85   290  170
  85   291  164
  85   292  170
  85   293  166
  85   294  153
  85   295  163
  85   296  136
  85   297  171
  85   298  179
  85   299  173
  85   300  164
  85   301  155
  85   302  137
  85   304  114
  85   305  126
  85   306  110
  85   307  106
  85   308  106
  85   584  109
  85   585  113
  85   586  107
  85   591  107
  85   592  107
  86   287  106
  86   288  128
  86   289  145
  86   290  143
  86   292  147
  86   293  162
  86   294  167
  86   295  170
  86   296  171
  86   297  172
  86   298  167
  86   299  160
  86   300  139
  86   301  158
  86   302  149
  86   303  136
  86   304  143
  86   305  147
  86   306  141
  86   307  132
  86   308  114
  86   310   96
  86   585  102
  86   586  104
  86   590  110
  86   591  111
  86   592  104
  86   593  107
  86   594  101
  86   595   95
  86   596   99
  86   597   93
  86   599   94
  86   600  102
  86   601  100
  86   602   95
  86   603  101
  86   604   97
  86   605   93
  87   289  111
  87   290  120
  87   291  117
  87   292  123
  87   293  140
  87   294  149
  87   295  159
  87   296  164
  87   297  159
  87   298  107
  87   299  147
  87   300  146
  87   301  160
  87   302  149
  87   303  125
  87   304  157
  87   305  152
  87   306  141
  87   307  144
  87   308  124
  87   310  106
  87   311  110
  87   312  107
  87   590  111
  87   591  104
  87   593  106
  87   594   98
  87   600  103
  87   601  109
  87   602  111
  87   603  111
  87   604  110
  87   605  105
  87   606  100
  87   607  101
  87   608   98
  87   613  105
  87   614  107
  88   293  107
  88   295  126
  88   296  134
  88   297  141
  88   298  138
  88   299  145
  88   300  157
  88   301  162
  88   302  159
  88   303  157
  88   304  163
  88   305  152
  88   306  126
  88   307  152
  88   308  144
  88   309  126
  88   310  110
  88   311  118
  88   312  140
  88   313  135
  88   314  120
  88   315  110
  88   316  102
  88   590  104
  88   591  101
  88   593  102
  88   594  100
  88   601   99
  88   602   98
  88   603   99
  88   604  101
  88   607  100
  88   608  107
  88   609  102
  88   612  106
  88   613  118
  88   614  118
  88   615  109
  88   616  103
  88   617  104
  88   618  106
  88   619  102
  89   293   99
  89   294   99
  89   297  112
  89   298  121
  89   299  132
  89   300  140
  89   301  145
  89   302  152
  89   303  157
  89   304  158
  89   305  154
  89   306  150
  89   307  153
  89   308  154
  89   309  150
  89   310  145
  89   311  150
  89   312  161
  89   313  161
  89   314  154
  89   315  140
  89   316  106
  89   317  118
  89   318  138
  89   319  141
  89   320  134
  89   321  122
  89   322  107
  89   323  106
  89   608  101
  89   609   97
  89   612  108
  89   613  112
  89   614  113
  89   616  101
  89   617  111
  89   618   98
  89   630  103
  89   631  106
  89   635  100
  89   642   99
  89   643  103
  89   645   99
  89   648  100
  89   649   96
  89   652   96
  89   653  105
  89   654  109
  89   655  100
  90   302  120
  90   303  129
  90   304  132
  90   305  134
  90   306  135
  90   307  135
  90   308  140
  90   309  147
  90   310  152
  90   311  157
  90   312  163
  90   313  167
  90   314  165
  90   315  155
  90   316  138
  90   317  143
  90   318  157
  90   319  160
  90   320  156
  90   321  142
  90   323  125
  90   324  135
  90   325  132
  90   326  119
  90   611  105
  90   630  111
  90   631  112
  90   653  118
  90   654  123
  90   655  120
  90   656  115
  90   657  109
  90   674  102
  90   675  107
  91   309  120
  91   310  130
  91   311  139
  91   312  141
  91   313  151
  91   314  157
  91   315  152
  91   316  146
  91   317  152
  91   318  157
  91   319  157
  91   320  158
  91   321  153
  91   322  135
  91   323  145
  91   324  154
  91   325  154
  91   326  144
  91   327  127
  91   329  112
  91   330  134
  91   331  142
  91   332  140
  91   333  130
  91   334  118
  91   335  114
  91   336  117
  91   337  119
  91   338  114
  91   339  108
  91   340  115
  91   341  118
  91   343  116
  91   344  122
  91   345  105
  91   654  119
  91   674  109
  91   675  115
  91   676  113
  91   677  107
  92   313  116
  92   314  129
  92   315  126
  92   316  108
  92   317  138
  92   318  140
  92   319  119
  92   320  139
  92   321  153
  92   322  152
  92   323  151
  92   324  154
  92   325  155
  92   326  151
  92   327  141
  92   328  132
  92   329  135
  92   330  146
  92   331  152
  92   332  152
  92   333  147
  92   334  132
  92   335  117
  92   336  134
  92   337  141
  92   338  136
  92   339  131
  92   340  136
  92   341  144
  92   342  149
  92   343  155
  92   344  158
  92   345  153
  92   346  146
  92   347  137
  92   348  124
  92   352  106
  92   353  107
  92   357  108
  92   364  102
  92   650   99
  92   675  105
  92   676  102
  93   317  121
  93   318  113
  93   320  116
  93   321  137
  93   322  140
  93   323  129
  93   324  128
  93   325  135
  93   326  135
  93   327  130
  93   328  117
  93   329  128
  93   330  140
  93   331  140
  93   332  141
  93   333  145
  93   334  135
  93   335  111
  93   336  140
  93   337  145
  93   338  135
  93   339  113
  93   340  132
  93   341  147
  93   342  157
  93   343  166
  93   344  173
  93   345  173
  93   346  169
  93   347  159
  93   348  140
  93   351  118
  93   352  137
  93   353  142
  93   354  135
  93   355  133
  93   356  138
  93   357  138
  93   358  130
  93   359  116
  93   360  107
  93   361  111
  93   362  117
  93   363  134
  93   364  141
  93   365  139
  93   366  138
  93   367  140
  93   368  137
  93   369  130
  93   370  108
  94   330  113
  94   333  126
  94   334  131
  94   335  133
  94   336  137
  94   337  134
  94   338  119
  94   340  116
  94   341  132
  94   342  134
  94   343  155
  94   344  167
  94   345  170
  94   346  169
  94   347  161
  94   348  142
  94   349  123
  94   350  126
  94   351  141
  94   352  153
  94   353  158
  94   354  156
  94   355  152
  94   356  150
  94   357  149
  94   358  143
  94   359  120
  94   361  131
  94   362  144
  94   363  153
  94   364  160
  94   365  162
  94   366  164
  94   367  163
  94   368  160
  94   369  153
  94   370  140
  94   371  130
  94   372  125
  94   375  126
  94   376  130
  94   377  132
  94   378  131
  94   379  123
  94   380  115
  94   381  113
  94   394  111
  94   395  116
  94   404  115
  95   335  117
  95   336  116
  95   337  110
  95   341  108
  95   343  131
  95   344  140
  95   345  142
  95   346  150
  95   347  145
  95   348  126
  95   350  123
  95   351  140
  95   352  149
  95   353  153
  95   354  151
  95   355  142
  95   356  134
  95   357  139
  95   358  140
  95   359  129
  95   360  122
  95   361  135
  95   362  145
  95   363  150
  95   364  154
  95   365  161
  95   366  163
  95   367  163
  95   368  160
  95   369  153
  95   370  145
  95   371  141
  95   372  137
  95   373  127
  95   374  124
  95   375  129
  95   376  137
  95   377  143
  95   378  144
  95   379  140
  95   380  137
  95   381  132
  95   382  123
  95   383  118
  95   384  119
  95   385  113
  95   386  109
  95   387  114
  95   388  112
  95   389  107
  95   390  116
  95   391  124
  95   392  123
  95   393  124
  95   394  128
  95   395  128
  95   396  115
  95   400  113
  95   401  126
  95   402  133
  95   403  139
  95   404  141
  95   405  139
  95   406  138
  95   407  138
  95   408  134
  95   409  132
  95   410  131
  95   411  131
  95   412  127
  95   413  120
  95   414  119
  95   415  112
  95   417  106
  95   420  106
  96   346  113
  96   347  111
  96   348  104
  96   350  104
  96   351  119
  96   352  123
  96   353  125
  96   354  126
  96   355  107
  96   357  111
  96   358  119
  96   359  118
  96   360  114
  96   361  116
  96   362  126
  96   363  118
  96   364  120
  96   365  136
  96   366  137
  96   367  136
  96   368  138
  96   369  129
  96   370  119
  96   371  126
  96   372  129
  96   373  127
  96   374  117
  96   376  118
  96   377  133
  96   378  135
  96   379  131
  96   380  132
  96   381  131
  96   382  125
  96   383  121
  96   384  123
  96   385  118
  96   386  111
  96   387  113
  96   388  110
  96   390  118
  96   391  121
  96   392  119
  96   393  126
  96   394  124
  96   395  119
  96   396  117
  96   400  116
  96   401  130
  96   402  140
  96   403  145
  96   404  146
  96   405  144
  96   406  143
  96   407  143
  96   408  144
  96   409  145
  96   410  146
  96   411  144
  96   412  137
  96   413  127
  96   414  124
  96   415  119
  96   416  112
  96   417  114
  96   418  111
  96   419  103
  96   420  105
  96   421  107
  96   428  103
  96   429  103
  96   430  103
  96   431  112
  96   432  116
  96   433  109
  96   434  104
  96   435  105
  96   436  107
  96   437  111
  96   438  105
  97   362   96
  97   365   98
  97   372   97
  97   373  106
  97   377  109
  97   378  104
  97   380  102
  97   381  110
  97   382  100
  97   384  108
  97   385  102
  97   387   96
  97   388   99
  97   390  111
  97   391  105
  97   393  111
  97   394  100
  97   396  108
  97   397  106
  97   400   96
  97   401  111
  97   402  127
  97   403  129
  97   404  125
  97   405  125
  97   406  119
  97   407  124
  97   408  126
  97   409  132
  97   410  137
  97   411  138
  97   412  126
  97   413   96
  97   414  108
  97   415  105
  97   416   98
  97   417  106
  97   418  105
  97   421   97
  97   426   98
  97   430   97
  97   431  114
  97   432  118
  97   433  112
  97   434  104
  97   437  106
  97   438  106
  97   439   96
  97   451   98
  97   452  102
  97   453   97
  97   456   97
  97   457  103
  97   458  100
  97   461   98
  98   363   82
  98   365   84
  98   382   85
  98   388   91
  98   389   96
  98   390  101
  98   391  102
  98   392   98
  98   393   91
  98   396   94
  98   397   94
  98   398   90
  98   399   87
  98   402   95
  98   403   92
  98   405   85
  98   407   89
  98   409   98
  98   410   99
  98   411  113
  98   412  108
  98   418   84
  98   426   83
  98   431  102
  98   432  101
  98   433   88
  98   437   89
  98   438   88
  98   439   83
  98   451   84
  98   452   83
  98   456   91
  98   457   87
  98   458   85
  98   462   83
  98   463   83
  98   477   83
  98   482   88
  98   510   86
  98   511   93
  99   382   81
  99   391   90
  99   392   82
  99   408   80
  99   456   80
  99   512   84
  99   520   81
  99   672   80
  99   679   86
  99   688   79
  99   693   79
 100   644   82
 100   661   87
 100   663   83
 100   667   84
 100   668   83
 100   672   82
 100   673   82
 100   676   81
 100   677   84
 100   678   86
 100   679   84
 100   685   83
 100   686   85
 100   687   83
 100   688   82
 100   689   81
 100   692   81
 100   693   85
 100   694   82
 100   697   82
 100   699   83
 100   703   84
 100   704   82
 101   367   72
 101   368   76
 101   644   70
 101   652   74
 101   660   74
 101   662   77
 101   663   77
 101   667   76
 101   668   73
 101   669   70
 101   676   72
 101   677   75
 101   678   73
 101   683   76
 101   685   71
 101   686   75
 101   691   71
 101   693   72
 101   697   71
 101   699   75
 101   700   69
 101   703   81
 101   704   78
 101   708   72
 102   153   65
 102   367   72
 102   435   74
 102   436   70
 102   596   70
 102   631   65
 102   652   66
 102   753   65
 103   435   73
 104   175   67
 104   208   70
 104   279   67
 104   535   71
 105   193   69
 105   377   67
 105   411   73
 105   412   73
 105   792   68
 105   805   72
 106   376   70
 106   412   76
 106   413   71
 106   678   68
 106   679   67
 106   791   68
 106   792   69
 106   804   72
 106   805   80
 106   806   78
 106   807   73
 106   808   67
 107   122   60
 107   376   60
 107   386   58
 107   412   64
 107   413   64
 107   678   60
 107   679   65
 107   688   61
 107   716   58
 107   791   58
 107   804   68
 107   805   70
 107   806   69
 107   807   61
 108   496   58
 108   533   57
 108   612   64
 108   613   57
 108   678   59
 108   679   62
 108   721   55
 109   211   62
 109   212   63
 109   495   65
 109   612   65
 109   679   63
 110   120   61
 110   212   60
 111    79   54
 111   120   55
 111   121   66
 111   672   55
 112   121   62
 112   122   59
 112   312   57
 112   417   56
 113   122   57
 113   315   56
 113   549   55
 114   122   51
 114   220   53
 114   531   52
 114   629   52
 115    86   53
 115    97   55
 116    85   59
 116    86   64
 116   117   58
 116   118   59
 116   540   57
 117    86   57
 117   118   61
 117   686   57
 118   118   59
 119   117   57
 119   118   58
 119   152   55
 120   145   51
 120   264   51
 120   525   54
 120   765   55
 121   760   61
 122   753   69
 122   760   66
 123   760   65
 126   835   91
 127   111   78
 127   829   81
 127   830   87
 127   831   88
 127   835   92
 127   836   96
 128   111   66
 128   594   69
 128   831   68
 128   836   76
 129   169   58
 129   202   59
 129   361   59
 129   572   60
 129   729   60
 130   176   61
 130   202   61
 130   354   61
 130   362   60
 132   106   55
 132   107   56
 132   301   59
 133    74   56
 133    75   55
 133   190   55
 133   450   54
 134   715   67
 135   643   69
 135   680   69
 135   715   72
 135   735   69
 136   223   65
 136   628   65
 136   735   66
 136   736   69
 137   315   64
 137   461   65
 137   562   66
 138   430   64
 138   561   66
 138   562   64
 139   430   63
 139   560   62
 139   744   63
 140    94   70
 141   567   68
 141   662   68
 142   182   70
 142   566   73
 142   567   74
 142   607   70
 142   662   72
 142   663   68
 142   730   70
 143    74   71
 143   276   72
 143   470   68
 143   566   72
 143   606   69
 143   607   72
 143   608   70
 143   662   68
 143   663   68
 143   713   69
 144    74   68
 144   276   65
 144   713   66
 144   714   63
 145   216   57
 145   463   63
 145   714   58
 146   446   59
 146   447   66
 146   463   62
 148   221   68
 150   564   71
 150   687   71
 154   280   62
 154   582   62
 157   150   68
 157   209   63
 157   374   63
 157   375   63
 158   150   70
 158   375   69
 158   376   65
 158   612   70
 159   611   69
 159   612   71
 159   672   66
 160   671   62
 162   111   58
 163   111   60
 163   112   59
 163   700   62
 164   117   66
 164   194   67
 165   600   75
 165   751   75
 166   327   83
 166   600   84
 166   750   83
 166   791   86
 166   792   86
 167   600   87
 167   699   86
 167   750   88
 168   559   87
 168   838   81
 169   559   89
 169   560   88
 169   561   86
 169   562   81
 169   568   80
 170   372   69
 170   520   72
 170   559   73
 170   560   78
 170   561   70
 170   562   69
 170   567   74
 170   570   74
 170   605   73
 170   787   72
 171   748   79
 172   408   89
 172   409   91
 173   215   88
 173   409   93
 174   215   81
 174   409   77
 174   445   77
 176   528   81
 179   689   77
 179   690   79
 179   698   78
 180   237   76
 180   690   78
 180   691   78
 180   701   79
 180   749   84
 180   759   76
 181   701   65
 181   749   65
 182   368   60
 183   322   67
 185   401   61
 185   437   60
 186    83   59
 186   360   61
 186   622   58
 186   693   61
 186   694   64
 187   694   66
 189   682   62
 192   141   58
 192   142   59
 192   415   58
 192   438   60
 192   454   58
 193   415   61
 194   109   57
 194   384   63
 194   385   56
 194   412   56
 195   269   54
 196   452   57
 196   453   58
 197   484   58
 197   728   56
 198    98   60
 198    99   58
 198   150   58
 198   321   57
 198   356   57
 198   372   62
 198   409   58
 198   418   56
 198   483   56
 199    98   60
 199    99   61
 199   321   59
 199   323   59
 200   704   57
 201   274   57
 201   275   62
 201   284   55
 202   119   60
 202   193   58
 202   226   57
 202   274   59
 202   275   59
 202   284   58
 202   374   60
 202   540   59
 203   120   60
 203   139   59
 203   334   61
 203   374   59
 203   375   59
 204    96   58
 205   323   55
 205   423   57
 205   544   58
 205   553   57
 205   634   57
 206   323   58
 206   552   53
 206   553   55
 206   721   53
 207    76   49
 207   454   53
 207   499   51
 208   454   59
 208   493   53
 208   613   53
 208   614   57
 209   514   64
 209   518   59
 209   672   56
 210   330   55
 210   467   60
 210   468   57
 210   514   57
 210   531   58
 211   331   62
 211   371   59
 211   467   61
 211   519   61
 212   420   63
 213   407   53
 213   419   52
 213   420   59
 213   546   54
 214   491   53
 214   545   60
 214   546   59
 215   545   57
 216   184   56
 216   427   57
 216   659   58
 216   780   59
 217   638   62
 218   306   68
 218   835   71
 219   305   73
 219   498   74
 219   499   77
 223   838   87
 224   837   95
 224   838   91
 226   317  101
 229   485  113
 230   694  115
 231   550  113
 231   838  116
 232   214  117
 232   683  116
 232   837  122
 232   838  122
 232   840  116
 233   838  117
 234   514  116
 235   513  123
 235   514  127
 235   515  122
 236   514  120
 236   515  120
 237   737  104
 238    84   84
 238   586   82
 238   749   82
 241   108   66
 241   283   61
 241   346   61
 243   202   76
 243   203   73
 243   778   73
 244   192   74
 244   201   77
 244   202   79
 244   778   72
 245   192   69
 245   201   73
 246   457   65
 246   550   65
 247   449   56
 247   520   58
 247   551   59
 248   152   65
 248   211   60
 249   151   65
 249   152   70
 249   153   70
 250   152   56
 250   153   59
 251   614   62
 252   614   76
 252   660   72
 252   707   73
 253   599   69
 253   613   70
 253   614   72
 253   660   68
 253   706   71
 254   291   60
 254   481   61
 254   581   65
 254   595   66
 254   599   63
 255   336   69
 255   581   69
 255   595   69
 257   514   73
 258   539   71
 258   579   72
 258   580   74
 259   106   63
 259   109   63
 259   110   67
 259   494   61
 260    81   53
 260   503   54
 260   504   52
 261    80   61
 261    81   63
 262    81   59
 263   455   56
 263   495   53
 263   557   53
 263   558   56
 263   610   52
 264   572   61
 264   610   58
 265   286   64
 265   563   64
 266   286   56
 266   563   57
 267   222   56
 267   274   55
 268   222   61
 268   429   56
 269    76   50
 269   390   52
 269   664   50
 270   224   54
 270   295   50
 270   549   51
 270   550   50
 272   490   49
 272   502   51
 273   238   55
 273   256   52
 274   190   52
 274   237   56
 274   238   61
 274   494   52
 274   556   61
 274   682   53
 275   238   52
 275   239   52
 275   306   51
 275   337   52
 275   428   52
 275   435   53
 275   436   52
 275   502   52
 275   630   51
 276   280   53
 276   306   54
 276   437   53
 276   539   54
 277   280   53
 277   538   55
 277   539   55
 278   162   53
 278   430   52
 279   435   56
 279   681   56
 280    99   60
 280   656   60
 280   703   58
 281    99   54
 281   413   52
 281   656   53
 281   668   53
 281   669   54
 282   149   50
 282   413   53
 282   573   52
 283   255   53
 283   259   54
 283   260   55
 283   357   55
 283   572   57
 283   622   53
 284   117   51
 284   357   51
 284   447   55
 284   480   53
 284   572   51
 285   116   56
 285   117   58
 285   292   53
 285   384   54
 285   447   60
 287   449   78
 287   838   92
 288   450   82
 288   831   93
 289   336   81
 289   831   81
 289   834   93
 289   835   87
 290   402   77
 290   403   73
 290   832   74
 290   833   83
 290   834   89
 290   835   79
 291   114   73
 291   583   76
 296   547   82
 297   850   98
 302   435   82
 302   439   78
 302   441   76
 302   445   78
 302   755   76
 302   759   76
 303   424   93
 303   425   94
 303   432   98
 303   433   94
 303   439   94
 303   440   94
 303   441   93
 303   445   93
 303   450   92
 303   455   92
 303   752   93
 303   758   93
 303   759   94
 303   762   93
 303   770   99
 303   771   97
 304   431  106
 304   770  109
 305   233  106
 305   234  108
 307   516   75
 307   523   76
 307   755   80
 307   797   79
 307   803   79
 307   804   79
 307   806   77
 307   807   76
 307   825   77
 307   829   75
 307   831   76
 307   832   80
 308   747   67
 308   748   72
 308   749   69
 308   758   71
 308   759   69
 308   788   69
 308   789   74
 308   790   73
 308   791   71
 308   792   74
 308   793   78
 308   794   76
 308   795   73
 308   796   73
 308   797   71
 308   798   68
 308   799   69
 308   800   70
 308   801   67
 308   803   69
 308   804   72
 308   805   70
 308   806   68
 308   807   70
 308   808   70
 308   811   68
 308   812   71
 308   813   70
 308   814   68
 308   822   68
 308   823   67
 308   824   67
 308   825   70
 308   826   71
 308   827   69
 308   828   69
 308   829   71
 308   830   70
 308   831   70
 308   832   71
 308   833   68
 309   758   56
 310   160   55
 310   459   57
 310   570   52
 310   614   52
 311   246   62
 311   247   58
 311   571   60
 311   581   63
 311   582   60
 311   695   60
 311   696   59
 312   123   60
 312   242   60
 312   695   60
 312   696   63
 313    74   58
 313   113   61
 313   141   58
 313   222   59
 313   223   59
 313   233   58
 314    91   55
 314   140   55
 315   686   55
 316   309   55
 316   355   58
 316   376   58
 316   469   58
 317   751   57
 318   525   51
 318   550   52
 319   357   56
 319   368   50
 319   369   50
 319   452   50
 320   269   55
 320   345   54
 320   357   61
 320   368   58
 320   369   60
 320   370   59
 320   376   54
 320   377   61
 320   378   59
 320   392   56
 321   268   57
 321   269   64
 321   270   55
 321   357   58
 321   358   54
 321   376   53
 321   377   56
 321   378   56
 321   392   54
 322    81   52
 322    82   58
 322   627   50
 322   628   50
 323    82   63
 323   464   57
 323   724   59
 326   177   51
 326   211   55
 327   213   52
 327   214   54
 327   713   55
 327   714   54
 328   107   56
 328   279   63
 328   492   61
 328   493   59
 329   106   55
 329   107   57
 329   279   64
 329   280   58
 329   492   61
 329   493   55
 329   521   57
 329   719   57
 330   119   56
 330   280   55
 330   319   53
 330   489   53
 330   661   55
 330   662   53
 330   717   54
 330   718   55
 330   719   54
 331   118   54
 331   119   55
 331   327   52
 331   661   54
 332    85   55
 332    94   52
 332   102   58
 332   103   59
 332   680   55
 333    80   54
 333    91   52
 333    93   57
 333    94   57
 333   103   54
 333   679   54
 333   718   52
 334   446   50
 334   447   51
 335   687   54
 336   164   54
 337   469   59
 339   279   60
 339   358   62
 341    82   63
 342   157   68
 342   638   65
 342   676   66
 342   677   67
 343   157   59
 343   269   58
 343   638   58
 343   676   59
 344   298   51
 344   299   52
 344   352   48
 344   625   51
 345   297   53
 345   298   57
 345   462   51
 346   297   54
 346   461   51
 346   540   57
 346   541   53
 347   180   60
 347   452   60
 347   453   64
 347   483   57
 347   534   58
 347   677   62
 348   452   64
 348   453   65
 349   678   49
 349   679   49
 349   684   49
 350   332   47
 350   576   49
 351   111   55
 351   235   55
 351   569   56
 353   200   54
 353   201   51
 353   329   48
 354   193   52
 354   201   50
 354   252   53
 354   770   51
 354   771   51
 355   693   51
 355   770   51
 356   611   49
 356   612   54
 356   689   47
 357   315   46
 357   424   49
 357   448   49
 358   182   50
 358   183   49
 358   225   44
 358   315   51
 358   423   51
 358   435   45
 358   436   46
 358   448   44
 358   479   45
 359   121   44
 359   152   42
 359   226   40
 359   423   41
 359   533   42
 359   613   41
 360   189   44
 360   219   46
 360   613   46
 361   220   45
 361   358   44
 361   470   44
 361   613   44
 363   362   45
 363   383   47
 364   354   55
 364   357   52
 364   369   50
 365    73   43
 365   354   47
 365   368   43
 365   432   41
 365   433   42
 366   173   44
 366   427   45
 366   609   45
 367   172   46
 367   173   45
 367   294   45
 367   428   47
 368   237   42
 368   308   43
 369   309   43
 371   244   58
 372   243   56
 372   264   52
 373   243   51
 373   264   50
 373   265   49
 373   364   53
 373   365   50
 373   609   49
 374   365   42
 374   608   47
 375   282   44
 375   487   41
 375   521   42
 376   281   47
 376   282   52
 376   421   50
 376   487   46
 377   281   45
 377   282   45
 377   421   47
 377   430   45
 378   107   46
 380   210   46
 380   461   46
 380   693   49
 380   706   47
 381   210   55
 382   776   58
 383   484   53
 383   485   51
 384   579   46
 384   596   48
 384   600   44
 385   578   52
 385   579   53
 385   587   55
 385   596   50
 386   587   53
 386   588   48
 386   590   50
 387   740   46
 388   273   50
 388   731   53
 390   140   43
 390   361   43
 390   364   44
 390   540   43
 390   650   42
 391   411   50
 391   412   50
 391   417   47
 392   297   51
 392   411   50
 392   412   50
 393   166   49
 393   397   47
 393   710   51
 393   714   47
 395   396   49
 396   555   59
 396   556   61
 396   557   56
 396   561   61
 397   409   62
 397   555   66
 397   556   64
 397   560   65
 397   561   64
 399   141   61
 399   670   70
 400   563   81
 400   564   87
 400   670   80
 400   671   81
 400   672   83
 400   673   80
 401   485   86
 401   486   85
 401   563   85
 401   564   91
 401   565   88
 401   672   87
 401   673   89
 402   485   83
 402   770   81
 403   763   74
 404   829   82
 404   832   89
 404   838   91
 405   683   78
 405   829   80
 406   683   90
 406   772   89
 406   829   90
 407   764   93
 407   771   93
 407   772   95
 407   829   94
 407   830   95
 407   831   95
 408   763   85
 408   772   82
 408   829   82
 408   830   87
 408   831   90
 408   832   89
 409   418   88
 409   433   89
 409   434   91
 410   433  100
 410   434   99
 410   442  100
 410   513  100
 410   514  101
 414   848   97
 414   849  102
 416   843   97
 417   771  104
 417   837  111
 417   843  101
 418   561  103
 418   721  101
 418   753  101
 418   754  105
 418   755  108
 418   768  105
 419   325  100
 419   326  104
 419   721  100
 419   755  104
 420   195  114
 420   698  108
 421   195  117
 421   694  117
 421   760  116
 424   285   71
 425   532   67
 425   720   74
 425   721   65
 428   662   70
 428   670   72
 428   678   78
 428   694   73
 428   699   70
 428   707   68
 428   713   75
 428   715   69
 428   716   74
 428   732   70
 429   670   74
 429   677   75
 429   678   77
 429   679   74
 429   689   75
 429   694   74
 429   696   74
 429   697   78
 429   698   75
 429   699   75
 429   708   73
 429   710   74
 429   711   73
 429   713   73
 429   714   73
 429   715   74
 429   716   75
 429   717   74
 429   718   74
 430   656   60
 430   671   60
 430   684   60
 430   697   66
 430   698   65
 430   707   61
 430   717   61
 430   719   62
 431   235   52
 431   258   53
 431   293   55
 431   303   49
 433   239   49
 433   251   48
 433   292   47
 433   539   47
 434   298   47
 435   171   54
 435   292   55
 435   584   55
 435   669   58
 436   171   51
 436   572   54
 437   311   45
 437   339   45
 437   469   48
 437   561   51
 438   469   49
 438   538   52
 438   539   49
 439   342   48
 439   538   49
 440   185   48
 440   264   46
 440   292   43
 440   435   46
 440   436   44
 441   185   60
 442   184   53
 442   515   47
 443    90   48
 443   273   41
 443   288   43
 443   289   42
 443   512   44
 443   515   42
 443   576   42
 443   577   42
 444   577   52
 444   578   50
 445   231   47
 445   409   49
 445   453   50
 445   455   48
 445   578   50
 446   222   41
 446   230   39
 446   430   42
 446   455   41
 446   556   41
 446   739   39
 447   693   49
 447   697   47
 447   700   46
 447   701   47
 448   602   49
 448   698   47
 449   228   41
 449   229   43
 450   404   48
 450   690   45
 451   404   46
 452   129   40
 452   412   41
 452   440   41
 452   584   42
 452   658   41
 453   272   45
 453   412   48
 453   658   45
 454   684   48
 454   705   51
 455   227   38
 455   318   41
 455   319   42
 455   420   39
 455   537   40
 455   680   45
 455   684   40
 456   318   52
 456   319   43
 456   323   41
 456   350   43
 456   355   42
 457   317   49
 457   318   50
 457   323   46
 458   582   45
 458   583   41
 458   603   43
 459   160   42
 459   582   43
 460   163   48
 460   164   51
 460   297   47
 460   298   50
 460   299   48
 460   300   48
 460   356   47
 460   357   46
 460   358   47
 461   195   44
 461   298   53
 461   299   53
 461   300   42
 461   351   39
 461   355   39
 461   356   41
 461   358   39
 461   362   43
 465   526   41
 465   626   38
 465   692   37
 467   143   43
 467   144   43
 468   161   43
 468   525   42
 468   533   41
 469   161   47
 469   530   43
 469   608   46
 470   161   41
 470   166   41
 470   606   43
 470   683   45
 471   321   42
 471   655   38
 471   656   40
 471   682   38
 472   121   43
 472   614   47
 472   615   41
 472   655   43
 472   656   46
 473   209   47
 473   210   42
 473   765   47
 474   205   45
 474   765   46
 475   765   51
 476   251   50
 476   252   47
 476   765   51
 477   223   39
 477   250   39
 477   251   49
 477   441   41
 478   441   39
 478   442   39
 478   449   43
 478   450   44
 479   450   40
 479   451   40
 479   466   40
 479   694   38
 479   700   37
 479   735   37
 480   321   38
 480   322   38
 480   693   39
 480   694   39
 481   502   41
 481   623   40
 482   443   44
 482   641   43
 483   317   41
 483   536   37
 483   595   37
 483   596   36
 484   214   41
 484   317   42
 484   421   44
 484   620   41
 485   318   46
 485   321   45
 486   321   40
 486   638   39
 487   154   38
 487   180   41
 487   652   38
 488   136   47
 488   137   46
 488   138   44
 488   349   39
 488   607   40
 489   502   37
 489   534   37
 489   572   38
 492   179   38
 492   417   40
 492   768   39
 492   770   38
 492   771   38
 493   236   42
 493   417   39
 493   437   38
 493   492   40
 493   768   41
 494   293   45
 494   493   46
 494   767   45
 495   291   41
 496   213   39
 496   258   40
 496   259   42
 497   395   44
 498   404   45
 498   462   43
 499   145   49
 499   243   43
 499   244   45
 499   245   44
 499   403   43
 499   462   48
 499   734   45
 500   734   51
 501   263   47
 501   418   43
 501   604   44
 502   256   41
 502   262   40
 502   263   46
 502   773   41
 502   774   39
 503   111   50
 503   586   51
 504   188   45
 504   288   47
 504   410   52
 504   467   45
 504   587   48
 507   413   69
 507   617   71
 507   618   72
 507   832   69
 507   833   70
 508   463   65
 508   617   65
 508   618   68
 508   832   68
 509   639   61
 509   647   62
 509   656   61
 511   439   72
 514   745   81
 514   831   83
 514   832   84
 514   834   81
 514   835   88
 515   834   93
 515   846   86
 517   777   94
 518   767   88
 518   768   88
 519   769   69
 520   767   63
 523   655   95
 523   685   93
 523   772   93
 523   837   91
 524   270  100
 524   836  106
 525   788   96
 525   789   99
 525   836  104
 526   727   82
 526   743   84
 526   829   83
 526   830   84
 526   831   84
 527   727   74
 527   767   83
 527   837   81
 527   839   80
 528   765   90
 528   766   96
 528   767   97
 528   837   94
 528   838   94
 529   680  101
 529   765  101
 529   766  105
 529   767  101
 529   777   98
 529   836  103
 529   837  112
 529   838  114
 529   839  110
 529   850  101
 529   861  103
 530   679   94
 530   765   97
 530   766   95
 530   837  110
 530   838  110
 530   839  105
 530   861   97
 530   862   94
 531   837   87
 531   838   84
 533   193   48
 533   195   54
 533   463   48
 533   471   51
 534   193   59
 534   194   60
 534   195   60
 535   193   56
 535   194   56
 536   579   52
 539   338   45
 539   556   44
 539   664   46
 539   686   48
 539   700   47
 540   555   50
 540   556   53
 540   700   52
 540   701   60
 540   702   52
 541   535   51
 541   555   49
 541   556   53
 541   701   54
 541   702   48
 542    98   44
 542   167   42
 542   168   40
 542   510   42
 542   535   42
 543    81   53
 543    82   54
 543    83   51
 543   102   52
 543   103   52
 544    82   60
 544    83   61
 545    83   50
 545   113   48
 545   123   53
 546   123   56
 546   276   52
 546   425   55
 546   730   50
 547   122   54
 547   276   52
 547   425   55
 547   693   54
 547   730   54
 547   731   51
 548   121   45
 548   122   42
 548   563   44
 548   564   48
 548   612   44
 548   731   47
 549   524   43
 550   675   48
 551   520   41
 551   681   42
 552    95   45
 552   594   49
 552   595   50
 553   594   52
 554    96   43
 554   109   44
 554   593   42
 556   408   45
 556   409   46
 558   663   39
 558   731   39
 560    91   44
 560   675   42
 560   762   43
 561    91   38
 561   202   36
 561   464   37
 561   762   37
 563   194   41
 565   176   45
 566   175   44
 566   176   48
 566   181   44
 566   182   44
 566   193   45
 567   193   47
 567   670   44
 567   671   47
 568   130   48
 568   131   50
 568   193   50
 568   749   50
 569   174   44
 569   347   46
 570   277   44
 570   292   43
 570   447   46
 572   277   43
 572   641   43
 573   620   43
 573   641   43
 573   642   45
 573   692   42
 574   606   51
 574   617   46
 574   742   45
 575   331   49
 575   332   49
 575   606   51
 575   617   53
 576   680   45
 577   116   46
 577   158   45
 577   469   45
 577   681   49
 577   682   44
 578   177   46
 578   680   47
 578   681   49
 580   746   53
 581   746   50
 582   537   45
 582   568   44
 582   569   44
 583   531   48
 583   743   48
 583   773   48
 584   129   55
 584   130   55
 585   279   51
 585   466   53
 585   637   51
 585   642   56
 586   279   49
 586   637   47
 586   642   50
 586   650   49
 586   681   46
 587   579   50
 587   580   52
 587   581   49
 587   681   49
 588   580   46
 589   105   45
 589   106   44
 589   299   40
 589   338   43
 591   108   46
 591   519   46
 592   109   37
 592   152   38
 592   164   39
 592   178   39
 592   208   41
 592   686   40
 593   270   46
 593   271   49
 594   316   44
 594   397   45
 595   417   40
 595   724   38
 596   348   44
 596   623   44
 597   348   42
 597   623   46
 597   764   43
 598   114   40
 598   124   37
 598   380   41
 598   568   38
 598   701   39
 598   763   40
 599   307   46
 599   338   44
 599   339   48
 599   340   43
 599   629   42
 600   307   45
 600   338   45
 600   339   45
 600   422   42
 600   453   41
 601   421   40
 601   422   40
 601   740   39
 602   578   46
 602   667   49
 602   673   48
 603   577   50
 603   578   51
 603   667   55
 604   666   51
 604   682   47
 605   517   45
 606   201   48
 606   516   49
 606   754   50
 607   200   43
 607   201   43
 607   630   46
 608   104   44
 608   105   47
 608   128   48
 608   129   44
 608   483   42
 608   484   41
 609   104   47
 609   128   50
 609   129   47
 609   180   50
 609   328   44
 609   483   45
 609   708   45
 610   128   42
 610   340   48
 610   341   44
 610   550   42
 610   708   43
 610   756   42
 611   340   42
 611   371   41
 611   547   39
 612   643   43
 612   748   40
 614   697   55
 614   698   57
 614   699   52
 615   697   56
 615   698   57
 616   119   46
 616   178   43
 617   118   48
 617   119   49
 617   178   42
 617   309   42
 617   373   44
 617   478   42
 619   734   54
 620   379   54
 620   380   55
 620   733   51
 621   315   43
 622    96   41
 622   122   41
 622   151   44
 622   593   41
 622   594   41
 623   460   36
 626   375   39
 628   170   38
 628   338   37
 628   543   38
 628   565   44
 628   566   42
 629   170   36
 629   565   38
 630   391   36
 630   760   36
 631   200   38
 632   286   38
 633   515   40
 633   554   42
 634   558   46
 635   113   39
 635   288   43
 636    90   38
 636   181   35
 636   196   35
 636   288   39
 636   309   38
 636   401   36
 636   426   38
 636   599   37
 637   426   42
 637   553   37
 637   554   41
 637   615   36
 637   616   37
 637   617   40
 638   229   36
 639   100   36
 639   229   38
 639   324   35
 639   646   39
 639   647   35
 640   228   38
 640   229   38
 640   646   37
 640   777   41
 640   778   39
 641   279   40
 641   777   36
 642   109   36
 642   209   40
 642   423   36
 642   431   38
 642   490   38
 643   263   37
 643   264   36
 643   342   36
 643   431   39
 644   431   36
 645   252   38
 645   465   40
 646   152   38
 646   578   38
 646   637   40
 647   357   37
 647   449   40
 647   450   38
 649    86   39
 649   683   37
 650    87   35
 650   250   35
 650   467   36
 650   682   44
 651   682   41
 651   683   34
 652   306   35
 652   432   37
 652   565   35
 652   566   36
 652   683   35
 653   403   37
 655   378   39
 655   449   36
 656   362   36
 657   222   35
 657   435   36
 658   435   40
 659   403   42
 660   281   39
 660   403   35
