01-02-2022  23-55-00
1    1.4807  256.3475    100.00
2    1.6009  259.2772     89.00
3    1.6210  260.7421     89.00
4    1.6410  260.7421    104.00
5    1.6610  260.7421    108.00
6    1.6810  262.2069    108.00
7    1.7011  262.2069    112.00
8    1.7211  262.2069    114.00
9    1.7411  263.6717    109.00
10    1.7612  263.6717    114.00
11    1.7812  265.1366    114.00
12    1.8012  266.6014    107.00
13    1.8213  266.6014    114.00
14    1.8413  268.0663    114.00
15    1.8613  268.0663    114.00
16    1.8814  269.5311    114.00
17    1.9014  269.5311    118.00
18    1.9214  270.9960    123.00
19    1.9414  270.9960    126.00
20    1.9615  272.4608    126.00
21    1.9815  272.4608    142.00
22    2.0015  273.9256    142.00
23    2.0216  273.9256    143.00
24    2.0416  275.3905    143.00
25    2.0616  276.8553    143.00
26    2.0817  278.3202    140.00
27    2.1017  278.3202    135.00
28    2.1217  279.7850    129.00
29    2.1418  281.2499    133.00
30    2.1618  282.7147    142.00
31    2.1618  323.7303     86.00
32    2.1818  284.1795    142.00
33    2.1818  326.6600     93.00
34    2.2018  284.1795    164.00
35    2.2219  285.6444    164.00
36    2.2419  285.6444    165.00
37    2.2619  287.1092    158.00
38    2.2619  301.7577     90.00
39    2.2820  288.5741    136.00
40    2.3020  291.5038    135.00
41    2.3220  292.9686    135.00
42    2.3421  292.9686    135.00
43    2.3621  292.9686    135.00
44    2.3821  297.3631    148.00
45    2.3821  389.6482    103.00
46    2.3821  401.3670    115.00
47    2.4022  298.8280    160.00
48    2.4022  402.8318    107.00
49    2.4222  291.5038    134.00
50    2.4222  300.2928    155.00
51    2.4422  291.5038    134.00
52    2.4422  303.2225    150.00
53    2.4622  291.5038    132.00
54    2.4622  304.6873    150.00
55    2.4823  291.5038    122.00
56    2.4823  306.1522    150.00
57    2.5023  291.5038    122.00
58    2.5023  307.6170    149.00
59    2.5223  291.5038    126.00
60    2.5223  309.0819    146.00
61    2.5424  290.0389    128.00
62    2.5424  309.0819    134.00
63    2.5624  290.0389    141.00
64    2.5624  312.0116    132.00
65    2.5624  333.9842    127.00
66    2.5824  290.0389    141.00
67    2.5824  314.9412    125.00
68    2.5824  325.1951    127.00
69    2.5824  333.9842    141.00
70    2.6025  288.5741    145.00
71    2.6025  326.6600    127.00
72    2.6025  336.9139    150.00
73    2.6225  288.5741    147.00
74    2.6225  326.6600    148.00
75    2.6225  336.9139    146.00
76    2.6425  290.0389    147.00
77    2.6425  328.1248    141.00
78    2.6626  290.0389    147.00
79    2.6626  328.1248    136.00
80    2.6826  290.0389    153.00
81    2.6826  329.5897    134.00
82    2.6826  354.4920    146.00
83    2.7026  290.0389    167.00
84    2.7026  329.5897    134.00
85    2.7026  354.4920    146.00
86    2.7226  290.0389    167.00
87    2.7226  333.9842    124.00
88    2.7226  355.9568    139.00
89    2.7427  290.0389    160.00
90    2.7427  335.4490    118.00
91    2.7427  344.2381    119.00
92    2.7427  354.4920    139.00
93    2.7627  290.0389    160.00
94    2.7627  338.3787    121.00
95    2.7627  355.9568    138.00
96    2.7627  373.5350    161.00
97    2.7827  290.0389    168.00
98    2.7827  338.3787    124.00
99    2.7827  345.7029    127.00
100    2.7827  354.4920    139.00
101    2.7827  376.4647    162.00
102    2.8028  291.5038    148.00
103    2.8028  347.1678    127.00
104    2.8028  354.4920    136.00
105    2.8028  364.7459    138.00
106    2.8028  376.4647    159.00
107    2.8228  291.5038    168.00
108    2.8228  353.0272    136.00
109    2.8228  363.2811    140.00
110    2.8228  374.9998    148.00
111    2.8228  388.1834    152.00
112    2.8428  291.5038    168.00
113    2.8428  351.5623    143.00
114    2.8428  373.5350    140.00
115    2.8629  292.9686    156.00
116    2.8629  364.7459    133.00
117    2.8629  395.5076    134.00
118    2.8829  292.9686    156.00
119    2.8829  369.1404    132.00
120    2.8829  416.0154    146.00
121    2.9029  292.9686    166.00
122    2.9029  369.1404    138.00
123    2.9029  399.9021    124.00
124    2.9029  417.4803    145.00
125    2.9230  294.4334    161.00
126    2.9230  417.4803    142.00
127    2.9430  294.4334    166.00
128    2.9430  420.4099    136.00
129    2.9430  448.2420    134.00
130    2.9430  467.2849    127.00
131    2.9630  295.8983    163.00
132    2.9630  420.4099    135.00
133    2.9630  448.2420    132.00
134    2.9630  476.0740    142.00
135    2.9831  295.8983    153.00
136    2.9831  420.4099    132.00
137    2.9831  448.2420    127.00
138    2.9831  477.5388    138.00
139    3.0031  297.3631    152.00
140    3.0031  420.4099    132.00
141    3.0031  448.2420    127.00
142    3.0031  477.5388    136.00
143    3.0231  298.8280    152.00
144    3.0231  446.7771    127.00
145    3.0231  477.5388    136.00
146    3.0431  298.8280    159.00
147    3.0431  439.4529    127.00
148    3.0431  479.0037    129.00
149    3.0632  300.2928    159.00
150    3.0632  443.8474    124.00
151    3.0632  458.4959    126.00
152    3.0632  477.5388    120.00
153    3.0832  300.2928    159.00
154    3.0832  459.9607    126.00
155    3.1032  301.7577    152.00
156    3.1032  520.0193    128.00
157    3.1233  303.2225    141.00
158    3.1233  521.4841    118.00
159    3.1433  304.6873    144.00
160    3.1633  306.1522    148.00
161    3.1834  307.6170    148.00
162    3.2034  307.6170    148.00
163    3.2234  310.5467    148.00
164    3.2435  310.5467    156.00
165    3.2635  312.0116    160.00
166    3.2835  312.0116    156.00
167    3.3035  316.4061    151.00
168    3.3236  317.8709    163.00
169    3.3436  317.8709    165.00
170    3.3636  319.3358    164.00
171    3.3837  322.2655    155.00
172    3.4037  323.7303    147.00
173    3.4237  326.6600    146.00
174    3.4438  328.1248    165.00
175    3.4638  328.1248    170.00
176    3.4838  331.0545    165.00
177    3.5039  336.9139    167.00
178    3.5239  336.9139    170.00
179    3.5439  338.3787    167.00
180    3.5639  342.7733    161.00
181    3.5639  348.6326    167.00
182    3.5840  350.0975    170.00
183    3.6040  350.0975    176.00
184    3.6240  351.5623    164.00
185    3.6441  351.5623    161.00
186    3.6441  358.8865    159.00
187    3.6441  367.6756    170.00
188    3.6641  358.8865    159.00
189    3.6641  367.6756    164.00
190    3.6841  358.8865    147.00
191    3.6841  367.6756    151.00
192    3.6841  376.4647    161.00
193    3.6841  398.4373    125.00
194    3.7042  360.3514    135.00
195    3.7042  376.4647    161.00
196    3.7242  377.9295    161.00
197    3.7242  386.7186    163.00
198    3.7442  379.3943    158.00
199    3.7442  386.7186    165.00
200    3.7442  404.2967    182.00
201    3.7643  386.7186    165.00
202    3.7643  405.7615    172.00
203    3.7843  404.2967    168.00
204    3.7843  414.5506    174.00
205    3.7843  433.5935    153.00
206    3.8043  404.2967    154.00
207    3.8043  414.5506    162.00
208    3.8043  420.4099    171.00
209    3.8043  433.5935    168.00
210    3.8043  443.8474    172.00
211    3.8043  458.4959    147.00
212    3.8243  433.5935    164.00
213    3.8243  443.8474    162.00
214    3.8243  458.4959    171.00
215    3.8444  458.4959    171.00
216    3.9045  448.2420    148.00
217    3.9045  458.4959    147.00
218    3.9045  480.4685    141.00
219    3.9245  435.0584    145.00
220    3.9245  442.3826    145.00
221    3.9245  458.4959    148.00
222    3.9245  479.0037    141.00
223    3.9445  443.8474    145.00
224    3.9445  457.0310    151.00
225    3.9445  476.0740    147.00
226    3.9646  457.0310    145.00
227    3.9646  464.3552    141.00
228    3.9646  476.0740    148.00
