FE
X:
          1       2       3       4       5       6       7       8       9      10      11      12
  1      90     106     158     312     399     442     442     409     312     158     106      90
  2     305     368     450      93    -121    -229    -245    -144      51     428     367     303
  3    -172    -207      51     657      33    -192    -272    -251     497      11    -207    -171
  4      -2      -2      -3    -584    -174     -24      30       8     792       0      -2      -2
  5     -27     -33     -40      76    -198    -304    -333     864       6       3     -33     -27
Y:
          1       2       3       4       5       6       7       8       9      10      11      12
  1     277     287     294     298     299     294     293     293     293     286     276     272
  2    -380    -237     -51     151     307     460     334     213      29    -163    -341    -410
  3     201     -11    -271    -280     -54     728     -64    -181    -358    -108     248     192
  4     254    -521    -262    -189    -340     -12      75     590     233      99     -57     153
  5     387     282     226     205     248     334     246     219     207     261     352     401
  6    -301    -227     -61     194     383     424     438     303      55    -177    -268    -317
  7    -164     192     487     320     -15    -402    -114     186     434     238    -151    -347
  8      33     -57    -132    -212    -186    -134    -180     907    -118     -42      38      88
  9     501     256       0     -99    -221    -227    -264    -121     -72     155     414     537
 10     209     225     124     203     374     339     591     286     194     216     188     206
 11    -524     845       0      -3     -49     -45     -78      -8       0       8     -18      16
 12    -236    -168     -37     -60     -54     -22     -65     -29     -58     946     -74      -5
 13    -146    -237    -344     -16       0       0     775    -165       0     250     285     178
 14     484     401     582     199       0       0     476       0       0       0       0       0
 15      79     115     124       7       0       0    -331      70       0     602     699       0
 16    -661     745     -32     -11       0       0      89       0       0       0       0       0
 17       0       0       0       0       0       0    1000       0       0       0       0       0
 18       0       0       0       0       0       0       0       0       0       0    1000       0
 19    1000       0       0       0       0       0       0       0       0       0       0       0
 20       0       0       0       0       0       0       0       0       0       0       0    1000
Z:
          1       2       3       4
  1     455     470     522     547
  2    -605    -275      -9     748
  3     427     447     540     571
  4    -297    -311    -376     821
  5     405     464     570     544
  6     282     322    -822     376
  7     116    -579    -351     727
  8       0     626     379     682
  9     399     430     545     599
 10    -661    -453     238     549
 11     477     487     509     526
 12    -630    -376     344     587
 13      85     280     528     798
 14     996     -24     -45     -68
 15       0    1000       0       0
 16       0       0       0    1000
 17     304     354     564     682
 18     913       0       0    -407
 19     204     189     483     830
 20     641     594     232    -428
 21       0     328     673     663
 22       0       0    -702     712
 23     456     320     388     734
 24     849       0       0    -528
 25     160     152     269     938
 26     -45     -42     963    -261
 27     413     542     713    -169
 28      71      93     122     986
 29     463     570     678       0
 30       0       0       0    1000
 31       0       0       0    1000
 32       0       0    1000       0
 33       0       0       0    1000
 34       0       0    1000       0
 35       0    1000       0       0
 36       0       0    1000       0
 37       0       0       0    1000
 38       0       0    1000       0
 39       0       0       0    1000
 40       0       0    1000       0
V:
          1       2       3       4       5       6       7       8       9      10      11      12      13      14      15      16
  1      45      50      53      54      55      56      57      57      58      58      58      58      57      56      55      43
  2       0       0       0       0       0       0       0       0       0       0       0       0       0       0       0      -1
  3      12       7       5       4       3       2       1       0       0      -1      -2      -2      -3      -4      -6     -16
  4       0       0       0       0       0       0       0       0       0       0       0       0       0       0       0       0
  5      -1      -1       0       0       0       0       0       1       0       0       0       0       0       0       1      -2
  6       0       0       0       0       0       0       0       0       0       0       0       0       0       0       0       0
  7       1       1       0       1       1       1       1       1       1       1       1       1       1       1       1       0
  8       0       0       0       0       0       0       0       0       0       0       0       0       0       0       0       0
  9       6       2       0      -1      -1      -2      -2      -2      -2      -2      -2      -2      -2      -2      -1       9
 10      -1      -1      -1      -1      -1      -1      -1      -1      -1      -1      -1      -1      -1      -1      -2      -1
 11       6       4       3       2       2       1       1       1       1       0       0       0      -1      -1      -2      -5
 12       0       0       0       0       0       0       0       0       0       0       0       0       0       0       0       0
 13      -1      -1      -1      -1      -1      -1      -1      -1      -1      -1      -1      -1      -1      -1      -1      -1
 14       0       0       0       0       0       0       0       0       0       0       0       0       0       0       0       0
 15       0       0       0       0       0       0       0       0       0       0       0       0       0       0       0       0
 16       0       0       0       0       0       0       0       0       0       0       0       0       0       0       0       0
 17      -2      -3      -2      -2      -1      -1       0       0       0       0       0       0       0       1       1       1
 18       0       0       0       0       0       0       0       0       0       0       0       0       0       0       0       0
 19      -1       0       0       0       0       0       1       1       1       1       1       1       1       0      -1      -1
 20      -1       0       0       0       0       0       0       0       0       0       0       0       0       0       0      -1
 21       0       0       0       0       0       0       0       0       0       0       0       0       0       0       0       0
 22       0       0       0       0       0       0       0       0       0       0       0       0       0       0       0       0
 23       0       0       0       0       0       0       0       0       0       0       0       0       0       0       0       0
 24       0       0       0       0       0       0       0       0       0       0       0       0       0       0       0       0
 25       0       0       0       0      -1      -1      -1      -1      -1      -1      -1      -1      -1      -1       0       0
 26       0       0       0       0       0       0       0       0       0       0       0       0       0       0       0       0
 27       0       0       0       0       0       0       0       0       1       0       0       0       0       0       1       0
 28       0       0       0       0       0       0       0       0       0       0       0       0       0       0       0      -1
 29       0       0       0       0       0       0       0       0       0       0       0       0       0       0       0       0
 30       0       0       0       0       0       0       0       0       0       0       0       0       0       0       0       0
 31       0       0       0       0       0       0       0       0       0       0       0       0       0       0       0       1
 32       0       0       0       0       0       0       0       0       0       0       0       0       0       0       0       0
 33       0       0       0       0       0       0       0       0       0       0       0       0       0       0       0       0
 34       0       0       0       0       0       0       0       0       0       0       0       0       0       0       0       0
 35       0       0       0       0       0       0       0       0       0       0       0       0       0       0       0       0
 36       0       0       0       0       0       0       0       0       0       0       0       0       0       0       0       0
 37       0       0       0       0       0       0       0       0       0       0       0       0       0       0       0       0
 38       0       0       0       0       0       0       0       0       0       0       0       0       0       0       0       0
 39       0       0       0       0       0       0       0       0       0       0       0       0       0       0       0       0
 40       0       0       0       0       0       0       0       0       0       0       0       0       0       0       0       0
FF1
X:
          1       2       3       4       5       6       7       8       9      10      11      12
  1      67      81     137     312     402     435     448     435     317     142      84      67
  2     169     256     465     299    -166    -285    -307    -129     323     442     233     161
  3    -235    -243    -351     351     -88    -256    -200     171     611    -181    -227    -198
  4     281     461    -700    -133    -117     -34       8     107     123      84     321     223
  5    -130    -270    -286     -90     -22     108     147    -224       4     821    -198    -150
Y:
          1       2       3       4       5       6       7       8       9      10      11      12
  1     273     288     299     306     303     293     289     290     292     290     274     264
  2    -385    -266     -42     172     308     432     327     232      30    -167    -369    -377
  3     229    -225    -326    -266      -6     557     112     -41    -340    -237     194     432
  4     184    -137     -55    -253    -380    -246     246     775      11      -3    -117      15
  5    -172    -178    -113     168     386     533     492     284     -23    -210    -209    -233
  6     349     296     237     304     206     178     220     173     297     300     414     374
  7    -455     109     469     227      28    -118    -169     101     383     283    -104    -467
  8     141     334      73    -370    -344     -77     131     551     330    -332    -246      28
  9     370     405     275     211     205     196     257     180     224     314     354     357
 10    -259     -90      -7     244     360     421     437     384      84    -246    -286    -266
 11    -213     163     317     300     -95    -320    -223     -44     702     -97     -70    -258
 12      26    -314    -500    -292     -39      83     176      -9     610    -163     270     235
 13      82     335      60    -262    -373    -319    -443    -364    -423     174     153      85
 14     312     250      79    -398     298     184     451     132    -234      85     344     389
 15     489     312      75     323    -186      -8    -156     -12     617     -42     274     192
 16     -29     585     121     345    -142     251     228     -48    -309    -425    -319     -94
 17     352     476     276     290     319     263     306     244     137     346     120     115
 18    -542    -393     198     -46     472     215     432      75     114     -25     -83    -168
 19    -380     239     228     507    -284      36    -248     -96      87     159    -122    -538
 20    -328     -68     221    -282    -245    -157     -41     -48      66     638     424     280
Z:
          1       2       3       4
  1     416     453     545     569
  2    -604    -485     264     575
  3     387     455     562     572
  4     807     223    -232    -495
  5     481     508     550     456
  6     184    -848     282     410
  7    -244    -681    -117     681
  8      23     160     931     329
  9     485     467     506     539
 10    -460    -295     830    -110
 11     319     419     560     639
 12    -717    -429     518     186
 13     404     464     601     511
 14    -296     303    -607     672
 15    -295     894     289     176
 16    -296    -159    -342     878
 17     521     498     575     387
 18    -314    -197    -160     915
 19     604     684     328     245
 20    -274    -223     307     884
 21    -210      44     418     883
 22      41     364     838    -405
 23     156      77     398     901
 24    -575    -315     730    -196
 25    -191    -172     -84     963
 26     258     469     819     206
 27     360     498     498     612
 28    -626    -495     427     424
 29    -241     -44     143     959
 30    -654     607     405    -197
 31     384      -9     269     883
 32     685    -107     550    -467
 33     474     511     165    -698
 34     546     466     -83     692
 35      97     170     211     958
 36     602     625    -492     -64
 37     455     492    -165     724
 38    -111    -116     920     358
 39    -389    -184      62     900
 40     535     704    -253     393
V:
          1       2       3       4       5       6       7       8       9      10      11      12      13      14      15      16
  1     559     634     683     709     729     736     746     759     773     759     760     759     749     737     717     498
  2     -10      -6      -6      -1       5       2      -4      -5       4      10      10      13      10       3      -2     -34
  3     176     111      59      38      19      14      -5     -16     -13     -15     -18     -31     -37     -53     -80    -126
  4      -9      -3      -9     -12     -14     -15     -12     -13     -12      -9      -6      -7      -3       1       1     -21
  5     -19     -27      -8       3       8       5       9      11       9       8       9       8       8       5       4     -63
  6       3       8       7       5       6       7       9       7       5       9       4       2       3       6       9       2
  7       8       7       9       9      11      10      11      11      11      13      14       7      11       8       7      -6
  8       4       1       2       3       4      -2      -1      -3      -6      -3       2       3       1       2       1       9
  9     107      81      76      68      60      58      42      28      22      16       6     -20     -26     -40     -55      -2
 10       5       1       0       2       4       0      -9     -16     -13     -11      -5      -6       1       3      -3       2
 11      55      -1     -37     -42     -35     -41     -15       8      12      17      10     -16     -33     -33     -19      51
 12      -9     -11      -6      -3       4      -4     -10     -23     -27     -36     -30     -26     -22     -19     -15      -9
 13     -15     -14       0      -6     -12       0       1      -2      -5      -4      -9     -23     -21     -21     -28     -36
 14       7      -6      -1      -6      -4       0       3       8       6       8       3       3      -3      -1       1      -1
 15       7       1       2       1       3       3       5      11      15      15      14       9       6       2       1      -4
 16      -8       5      -1      -2       1       0       2       4      -1       3       0      -7      -3      -4      -3      -2
 17     -44     -27     -23     -13      -7      -9       7      15      15      18      19      21      30      28      16     -86
 18      -2       6       0       4       4       5      -5     -16     -19     -12     -11      -1       5       0      -5     -13
 19     -20       5      24      27      22      19      18       9       3       6       5      -3     -10     -21     -27       0
 20     -25      -4       6       1      -6      -2      -5      -7      -8     -13      -6       4      11       7      -2     -17
 21       4       3       9      11       1       5      -8     -16     -12      -8      -3       3       2       4       5      12
 22       7       9       7       4      -2       6      10       9       4       4       2       3       3       6       8       0
 23      -1      -3      -5      -2     -13     -19     -11      -7     -12      -6      -8      -8      -5      -7      -7      -1
 24       2       0       0      -1      -9      -4       2       6      12       3       2       0      -3      -1       2      -2
 25       5      10       8       9       3      -1      18      42      45      40      33      -5      -1      -2       0     -10
 26      -1       6       6       6      -1       1      -4      -6      -2       4       1       4       0       0      -2     -10
 27      14       6       2       0       1       0       0       3      13       8       7       0       1       1       0      36
 28       2      -2      -4      -2      -3      -5      -2       2       0      -9     -11       2      -3      -6      -6       5
 29      -3       1       0       2       7      10      10       7       8      -7     -19       4       0      -4     -12     -13
 30      -2       1       0      -1      -3      -3      -2      -4      -9      -9      -4      -2      -1       0       1      -3
 31       0      -3      -2      -3      -1      -3       4      11       3      12      -4      -7      -1       0       4      -1
 32       4       2       0       1       2       2       2       5      13       5       9       6       3       1      -2      -2
 33       5      -6      -2     -10     -18     -11      -8       2       8       8       1     -13      -8      -9     -14       0
 34       9       8       2       5       8      -7      -9      -8       0       6     -11      -4      -6      -4       3      -8
 35      -2      -5       0      -7     -14       2       2      -3      -1      -1      -4     -12      -3      -1      -1     -15
 36      -5       4       2      -2      -6     -10      -3       5       1      -4     -14       0       3       4       4       1
 37       5      -6      -3      -3       0       1      -1      -8     -13     -10     -11       3      -2      -1       2      12
 38      -6      -3       0      -4       0       2       6       6       6       4       5       3      -2      -2       0      13
 39       3      -4      -3      -8     -11      -3       3       6       2       7       3       5       4      10      12       2
 40      -7      -2       0      -1       0       3       3      -2      -5       9       0      -7      -4      -2       0      -2
FF2
X:
          1       2       3       4       5       6       7       8       9      10      11      12
  1     227     189     162     252     324     347     358     358     337     302     272     251
  2     408     265     213      83    -184    -325    -347    -296    -121     109     361     454
  3     140     333     513     227     241     219      31    -108    -320    -445    -358     -88
  4       0     192     456    -178    -650    -202     227     350     195      67    -151    -144
  5    -341    -106     245     689       9    -181    -270    -135     233     292     -38    -269
Y:
          1       2       3       4       5       6       7       8       9      10      11      12
  1     273     290     319     323     293     261     246     254     293     316     305     278
  2     368     184      43    -125    -353    -420    -361    -242     -81     122     315     450
  3     322    -309    -376    -295    -250      -4     362     541     111    -120      11     243
  4    -271     344    -241     -86     115     188     305    -143    -386    -422     436     254
  5     385     375     293     142     -69    -143    -105     -11     188     385     462     415
  6     -64     -25     213     411     459     416     391     370     282     129     -25    -102
  7    -316      96     509     435     -23    -255    -262    -349     -54     126    -168    -375
  8     -40    -397    -288     182    -337    -342     -72     228     584     279     -37    -131
  9     292     262     296     309     273     237     210     247     302     359     331     312
 10    -332    -189      95     287     340     285     226     288     248    -157    -415    -418
 11     183    -147    -516    -285     273     465     298     110    -210    -285     105     262
 12     291     486     -49    -388    -222    -154      87     514     221    -148    -311    -118
 13     -79     -11      96     325     503     435     383     407     309      41    -104    -132
 14     458     314     356     205      18     -43       3      -2     128     339     393     485
 15    -116    -317     -31      88     -22    -324    -349      39     592     485      35    -250
 16     -21    -265    -434    -513     -40     204     260     190     105     137     507     211
 17     235     200     134    -137    -411    -406    -389    -437    -358     -90     126     201
 18     383     381     387     272     139      49      57     163     281     303     372     352
 19    -290     242     542     346     -49    -141    -170     -94     115      68    -317    -515
 20    -412     -90    -248    -115    -322    -164    -230       1     391     553     323     -36
Z:
          1       2       3       4
  1     343     399     568     633
  2     531     605     -93    -585
  3     571     628     522      87
  4    -362    -207     522     744
  5     -50     798      32    -600
  6    -310     337     726     513
  7     110    -174     718    -666
  8    -450    -547     445     548
  9     216     322     646     657
 10     678     538      14    -500
 11    -124      62     626     768
 12     750     622     203     -95
 13     482     821     288     -99
 14    -486     -29     870     -73
 15    -281    -367     141     876
 16     685    -185    -659     249
 17     429     495     622     429
 18    -442    -442     125     771
 19     599     448    -332    -575
 20     255     482     821     167
 21       5     389     773     501
 22     693     586     -28    -418
 23     290     141     582     747
 24     -28     771     429    -469
 25     385     434     630     516
 26     755     359    -440    -328
 27     160     333     513     775
 28     633     554     203    -502
 29     593     646     325    -355
 30     140     109     471     864
 31     676     628     346     173
 32    -430     -40     556     711
 33     699     633     292     161
 34    -276    -156     584     748
 35     158     301     603     722
 36     838     463    -176    -229
 37     454     534     568     432
 38    -443    -559     544     442
 39     150     233     719     638
 40     897     362    -244     -68
V:
          1       2       3       4       5       6       7       8       9      10      11      12      13      14      15      16
  1    1392    1587    1689    1905    2189    2343    2308    2193    2096    2177    2317    2378    2196    1922    1685    1534
  2     -44     -46     -57     -68     -57     -13      40      70      77      42       5     -15      -2      16      24      13
  3     -84     -76    -113    -129     -93     -26      22      20     -11     -43     -24      47     135     178     150      71
  4      50      26       1     -10      -3      16      28      14     -19     -66     -89     -79     -33       7      16     -12
  5     -36     -29     -30     -49     -74     -87     -85     -76     -68     -69     -67     -57     -36     -22     -26     -49
  6       1     -10     -10      -7      -5       1      10      20      27      19       0     -24     -38     -38     -23      -2
  7      24      38      44      43      37      32      27      25      25      26      27      28      27      26      23      21
  8     -13     -14     -15      -8       6      18      24      25      22      18      12       3      -8     -17     -19     -17
  9    -166    -208    -213    -177    -109     -33      27      63      87     100     104      98      77      59      56      74
 10     -18      14       8     -53    -123    -141    -101     -43       5     -10     -55     -92     -76     -38      -9     -13
 11      75      63      52      69     101     118     110      94      82      92      96      69     -15    -108    -165    -129
 12      26      39      35      -6     -58     -79     -63     -34      -9     -25     -65    -104    -109     -95     -77     -70
 13      -8     -15     -28     -22       3      29      45      49      48      46      41      30       8     -14     -25     -16
 14      10       8       2       8      23      28      17      -1     -18     -17      -2      16      20      14       5      -1
 15      10      14      12      14      21      26      21       5     -15     -28     -23      -7      13      22      16      -2
 16      -1       0       8      14      13       5      -1       0       5      13      17      16      10       5       4       5
 17      45      80     112      56     -51    -114    -102     -53      -6     -22     -57     -63       4      78     100      43
 18       4      13      19       2     -17      -2      45      90     119      93      46       9      13      30      35      18
 19      -9     -22     -43     -58     -58     -47     -33     -20      -8       5      20      35      44      45      35      14
 20     -16     -28     -20     -12      -9      -6      -2      -2      -8     -26     -41     -45     -28      -7       4      -7
 21      33      27      22      23      23      17       5      -7     -17     -18     -12      -1       9      19      26      27
 22       8       2      -9     -11      -2      10      17      20      20      20      21      18      12       7       9      16
 23      -6      -5      -7      -9     -12     -17     -23     -26     -27     -21     -12      -4       0       1       1       2
 24      -2      -3      -3      -3      -4      -6      -6      -3       2       9      13      13       8       2      -1      -1
 25      20      10      18      52      90      95      63      11     -42     -68     -71     -66     -62     -52     -24      28
 26      -5     -10     -12      -5       9      20      23      18      10       7      10      16      18      15       7      -2
 27      55       0     -24     -18      -9     -17     -37     -49     -48     -18      15      34      26      11       7      26
 28      -4      -5       2      17      32      34      21       0     -21     -27     -16       5      21      25      17       5
 29      -4       1       3       3       2       4       7       8       5      -4     -15     -22     -21     -16      -9      -3
 30     -11      -9      -9      -9     -10     -11     -10      -7      -2       4       5       3      -4     -10     -10      -5
 31       0      -9     -14     -14     -10      -5      -1       0      -2      -6      -8      -6      -1       4       5       3
 32       4      -6      -6       1       9      11       6       0      -6      -5      -1       3       2       0       0       3
 33     -48     -52     -51     -48     -47     -52     -58     -58     -54     -40     -27     -19     -17     -13       1      23
 34     -30     -28     -21      -5      11      20      20      15      10       9       9       4      -6     -12      -7      10
 35     -35      -5      20       4     -36     -56     -43     -15      10       2     -19     -33     -12      16      31      20
 36       2       0       2      -2      -5      -1      11      25      36      31      15      -3     -12     -10      -2       7
 37      39      34      18       3      -8     -16     -21     -25     -28     -27     -21     -11      -1       5       5       0
 38       8       6       3      -1      -3      -4      -1       3       7       9       8       4      -1      -4      -3       1
 39      -1       4       9      12      12       6      -1      -4      -4       1       6       7       6       6      12      21
 40      -2      -1      -5      -7      -5      -1       0      -2      -4      -3       0       3       3       2       2       5
hF2
X:
          1       2       3       4       5       6       7       8       9      10      11      12
  1     241     248     273     293     324     341     347     341     296     254     231     238
  2     372     332     353      96    -159    -310    -346    -348     -99    -116     279     394
  3     -16     -15    -156     -73    -238    -357    -154      97     197     840      89      -7
  4     122      75     -73    -588    -236     380     326    -119    -428     193     158     252
  5     264     387    -385    -305    -223    -189      11     481     308    -354      -6      17
Y:
          1       2       3       4       5       6       7       8       9      10      11      12
  1     290     282     279     289     298     301     303     291     283     280     281     287
  2    -394    -244     -45     180     306     413     369     228      25    -188    -323    -397
  3     306     310     294     272     299     270     268     287     286     291     287     293
  4    -361    -287     -73     100     392     478     394     191     -20    -114    -260    -341
  5     203     149     299     301     310     354     253     415     345     227     175     315
  6     468     -79    -228    -521    -230      58      11    -236     193     209     379     340
  7     252     258     333     388     350     317     175     265     376     263     117     248
  8    -236    -308    -226    -109      78     143     382     665     197    -185    -191    -250
  9      91     212      43     207     317     327     430     562     428      73      28      74
 10    -429    -339    -268    -320     -25      10     220     371    -129    -309    -366    -308
 11       0       0       0       0       0       0       0       0       0       0       0       0
 12       0       0       0       0       0       0       0       0       0       0       0       0
 13       0       0       0       0       0       0       0       0       0       0       0       0
 14       0       0       0       0       0       0       0       0       0       0       0       0
 15       0       0       0       0       0       0       0       0       0       0       0       0
 16       0       0       0       0       0       0       0       0       0       0       0       0
 17       0       0       0       0       0       0       0       0       0       0       0       0
 18       0       0       0       0       0       0       0       0       0       0       0       0
 19       0       0       0       0       0       0       0       0       0       0       0       0
 20       0       0       0       0       0       0       0       0       0       0       0       0
Z:
          1       2       3       4
  1     458     467     518     551
  2     698     334    -376    -509
  3     369     419     502     661
  4     699     462    -291    -462
  5     345     369     583     636
  6    -647    -519     117     545
  7     423     439     525     594
  8    -650    -463     404     448
  9      69     228     421     875
 10     796     549      79    -244
 11      92      -6     996       7
 12    -209    -296      12     932
 13     752     616      82    -218
 14      99     127     463     872
 15     672     656     233     253
 16     -72     -67     886    -454
 17     767     638     -54     -40
 18    -200     336     650     652
 19     490     766     386     154
 20    -369     -80     272     885
 21       0       0       0       0
 22       0       0       0       0
 23       0       0       0       0
 24       0       0       0       0
 25       0       0       0       0
 26       0       0       0       0
 27       0       0       0       0
 28       0       0       0       0
 29       0       0       0       0
 30       0       0       0       0
 31       0       0       0       0
 32       0       0       0       0
 33       0       0       0       0
 34       0       0       0       0
 35       0       0       0       0
 36       0       0       0       0
 37       0       0       0       0
 38       0       0       0       0
 39       0       0       0       0
 40       0       0       0       0
V:
          1       2       3       4       5       6       7       8       9      10      11      12      13      14      15      16
  1     680     661     653     636     625     638     679     718     740     744     686     639     628     637     651     641
  2       3      -6      -4       4       1       1       1      -3     -16      16      19      14       0     -14     -20       6
  3      78      70      56      46      39      41      31      18       2     -29     -41     -49     -49     -58     -72     -94
  4     -16      -7      -3      -1      -4       3       9       5      -4      -8      -6      -3      -5      -6      -8       4
  5      65      49      29      16      11      -7     -41     -71     -87     -95     -54     -13       6      20      29      89
  6     -28     -27     -28     -29     -31     -37     -33     -31     -34      -9     -15     -25     -32     -34     -30      -8
  7     -24     -27     -25     -18      -9      -6      -6      -3       3      15      16       9      12      21      32      39
  8      -4      -6      -1       7       7       3      -5     -10      -7      -2      -1      -2      18     -12      -5      10
  9       2      -2      -7     -10     -14     -15      -9      12      44      24      -5     -13     -16     -15     -13       7
 10      26      20      13       4      -6      -7     -11      -6       9      -7      -1       2       7      12      15      15
 11       1       1       0      -2      -3      -1      -2     -12     -20     -13       0       0       0       1       0       2
 12      -1       3      -6      -2      -3      -7      -4      -2       1       3       9      -1       1       2       2       2
 13      -6      -7       0      10      20      16      10      -9     -31      -6      -6      -3      -1      -2      -3      11
 14       0      -6       1       1      -1      -1       6       9       3      16       1      -9      -9      -8      -6       9
 15      -8      -6      -7       0       8      13      14      17      20       6       4       6       4       5       3      -5
 16       1      -3      -2       0       4       6       3      -3      -8      -7      -2      -3      -1      -1       1      -2
 17       5       5       2       6       4       1       6      16      23      20      15       1      -3      -3      -2       1
 18      -1      -3       1      -3     -11     -12      -9      -2       7       1       1      -3      -1       4       6      -3
 19       2      -4      -6       1       9      13      12       5      -4       2       6       9       6       2       0       5
 20       3      -2      -4      -4       0      -4      -6      -3       0       4       6       3       1       1       4      11
 21       0       0       0       0       0       0       0       0       0       0       0       0       0       0       0       0
 22       0       0       0       0       0       0       0       0       0       0       0       0       0       0       0       0
 23       0       0       0       0       0       0       0       0       0       0       0       0       0       0       0       0
 24       0       0       0       0       0       0       0       0       0       0       0       0       0       0       0       0
 25       0       0       0       0       0       0       0       0       0       0       0       0       0       0       0       0
 26       0       0       0       0       0       0       0       0       0       0       0       0       0       0       0       0
 27       0       0       0       0       0       0       0       0       0       0       0       0       0       0       0       0
 28       0       0       0       0       0       0       0       0       0       0       0       0       0       0       0       0
 29       0       0       0       0       0       0       0       0       0       0       0       0       0       0       0       0
 30       0       0       0       0       0       0       0       0       0       0       0       0       0       0       0       0
 31       0       0       0       0       0       0       0       0       0       0       0       0       0       0       0       0
 32       0       0       0       0       0       0       0       0       0       0       0       0       0       0       0       0
 33       0       0       0       0       0       0       0       0       0       0       0       0       0       0       0       0
 34       0       0       0       0       0       0       0       0       0       0       0       0       0       0       0       0
 35       0       0       0       0       0       0       0       0       0       0       0       0       0       0       0       0
 36       0       0       0       0       0       0       0       0       0       0       0       0       0       0       0       0
 37       0       0       0       0       0       0       0       0       0       0       0       0       0       0       0       0
 38       0       0       0       0       0       0       0       0       0       0       0       0       0       0       0       0
 39       0       0       0       0       0       0       0       0       0       0       0       0       0       0       0       0
 40       0       0       0       0       0       0       0       0       0       0       0       0       0       0       0       0           
hp                                                                                                                                            
X:                                                                                                                                            
          1       2       3       4       5       6       7       8       9      10      11      12                                           
  1     286     276     270     256     282     306     311     305     292     292     292     292                                           
  2    -367    -400    -404    -169      99     328     306     304     265     244     -52    -280                                           
  3     -17     161     236     120     237     440     284       9    -246    -509    -405    -300                                           
  4     100     122      -8     523     136    -347    -184     101     245     267    -317    -536                                           
  5     449     381     -66    -562    -374      -7     112     231     135      80    -229    -225                                           
Y:                                                                                                                                            
          1       2       3       4       5       6       7       8       9      10      11      12
  1     288     284     288     295     293     291     287     281     284     290     291     292
  2    -385    -208     -12     158     309     395     409     230      33    -196    -311    -420
  3     287     306     320     294     287     235     221     241     316     342     300     291
  4    -365    -237     -13     168     395     454     374     233      12    -115    -284    -363
  5     303     210     206     201     185     390     353     422     342      83     300     281
  6    -315    -257    -163      -5     413     353     338     241     -25    -171    -423    -363
  7      71     119     199     389     388     351     306     444     408     216      69      90
  8    -200    -206    -367    -241     -78     389     354     403    -171    -395    -256    -171
  9     373     278     280     112    -104    -124    -203     -97     152     361     531     425
 10    -151     198     324     337     355     247     146     215     609     171    -138    -213
 11       0       0       0       0       0       0       0       0       0       0       0       0  
 12       0       0       0       0       0       0       0       0       0       0       0       0  
 13       0       0       0       0       0       0       0       0       0       0       0       0  
 14       0       0       0       0       0       0       0       0       0       0       0       0  
 15       0       0       0       0       0       0       0       0       0       0       0       0  
 16       0       0       0       0       0       0       0       0       0       0       0       0  
 17       0       0       0       0       0       0       0       0       0       0       0       0  
 18       0       0       0       0       0       0       0       0       0       0       0       0  
 19       0       0       0       0       0       0       0       0       0       0       0       0  
 20       0       0       0       0       0       0       0       0       0       0       0       0  
Z:
          1       2       3       4
  1     438     452     519     578
  2    -554    -461     107     685
  3     410     419     529     614
  4    -584    -389     -63     710
  5     373     416     557     615
  6     529     622    -238    -526
  7     615     507     445     409
  8    -530    -230     295     761
  9     620     410    -139    -655
 10     290     525     651     465
 11     584     557     387     447
 12    -510    -298     348     731
 13     696     596     400      17
 14    -279    -169     711     623
 15    -145     137     740     643
 16     580     659     310    -366
 17     309     247     487     779
 18     738     546    -171    -359
 19      -9     382     553     741
 20     490    -774       6     400
 21       0       0       0       0
 22       0       0       0       0
 23       0       0       0       0
 24       0       0       0       0
 25       0       0       0       0
 26       0       0       0       0
 27       0       0       0       0
 28       0       0       0       0
 29       0       0       0       0
 30       0       0       0       0
 31       0       0       0       0
 32       0       0       0       0
 33       0       0       0       0
 34       0       0       0       0
 35       0       0       0       0
 36       0       0       0       0
 37       0       0       0       0
 38       0       0       0       0
 39       0       0       0       0
 40       0       0       0       0
V:
          1       2       3       4       5       6       7       8       9      10      11      12      13      14      15      16
  1     808     795     789     782     781     806     851     892     918     900     858     816     797     792     788     786
  2      -5      -3      -5      -7      -3       4       9       9       5      -3      -7      -6       0       4       4       0
  3      42      44      42      41      45      46      38      19      -5     -31     -48     -56     -54     -50     -48     -45
  4       5       2       3       2      -2      -9     -13     -12      -7       0       4       2      -3      -6      -6      -6
  5     -71     -71     -54     -41     -25       7      52      92     119     106      66      17     -20     -44     -58     -66
  6      -7      -9      -9     -13     -19     -23     -23     -17      -9      -3      -4     -10     -14     -14      -8       1
  7      20      16      12      12      14      15      14       8       1      -8     -12     -15     -16     -18     -22     -23
  8       2       1      -1      -2      -4      -4      -2       0       2       3       4       6       6       2      -5     -12
  9      -6      -8      -3      -1      -1       4      16      31      44      44      29      11      -3      -8      -8      -5
 10       4      -2      -1       3       7       7       3      -1      -4      -2       1       3       0      -5      -6      -2
 11      18      15      12       9       6       5       7       9      10       9       4       0      -4      -6      -9     -13
 12       1       0       0      -4      -8     -10      -8      -2       3       7       7       4       2       0      -2      -5
 13      11       6      -1     -10     -18     -22     -20     -13      -4       3       6       4       0      -2      -1       4
 14       5       1      -3      -2       1       3       3       3       2       5       8      10       7       3       2       6
 15       1       2       2      -3      -7     -11     -12      -9      -6      -3      -2      -2      -3      -2      -1      -2
 16       0       3       6       6       4       0      -2      -3      -2       0       2       3       3       3       2       0
 17       1       6       8       6       3       0      -1       0       1       1      -1      -5      -7      -7      -4      -1
 18      -2      -3      -2      -2      -3      -6      -7      -6      -3       0       2       1      -1      -3      -2      -1
 19       1       5       5       1      -3      -6      -5      -2       2       4       4       3       4       5       6       4
 20       0       1       0       0       1       2       2       2       1       0       1       1       2       1       1       1
 21       0       0       0       0       0       0       0       0       0       0       0       0       0       0       0       0  
 22       0       0       0       0       0       0       0       0       0       0       0       0       0       0       0       0  
 23       0       0       0       0       0       0       0       0       0       0       0       0       0       0       0       0  
 24       0       0       0       0       0       0       0       0       0       0       0       0       0       0       0       0  
 25       0       0       0       0       0       0       0       0       0       0       0       0       0       0       0       0  
 26       0       0       0       0       0       0       0       0       0       0       0       0       0       0       0       0  
 27       0       0       0       0       0       0       0       0       0       0       0       0       0       0       0       0  
 28       0       0       0       0       0       0       0       0       0       0       0       0       0       0       0       0  
 29       0       0       0       0       0       0       0       0       0       0       0       0       0       0       0       0  
 30       0       0       0       0       0       0       0       0       0       0       0       0       0       0       0       0  
 31       0       0       0       0       0       0       0       0       0       0       0       0       0       0       0       0  
 32       0       0       0       0       0       0       0       0       0       0       0       0       0       0       0       0  
 33       0       0       0       0       0       0       0       0       0       0       0       0       0       0       0       0  
 34       0       0       0       0       0       0       0       0       0       0       0       0       0       0       0       0  
 35       0       0       0       0       0       0       0       0       0       0       0       0       0       0       0       0  
 36       0       0       0       0       0       0       0       0       0       0       0       0       0       0       0       0  
 37       0       0       0       0       0       0       0       0       0       0       0       0       0       0       0       0  
 38       0       0       0       0       0       0       0       0       0       0       0       0       0       0       0       0  
 39       0       0       0       0       0       0       0       0       0       0       0       0       0       0       0       0  
 40       0       0       0       0       0       0       0       0       0       0       0       0       0       0       0       0  
hF
X:
          1       2       3       4       5       6       7       8       9      10      11      12
  1     332     321     303     275     257     250     251     259     270     291     310     326
  2    -155    -294    -329     -75     -96    -132    -147    -115      86     690     476      60
  3    -470    -264     182     262     200     174     181     245     317     205    -238    -496
  4     -95    -564    -292      64     197     251     238     243     -81    -419     250     348
  5      15     426    -701    -251      71     251     248     259      12     110    -174    -159
Y:
          1       2       3       4       5       6       7       8       9      10      11      12
  1     291     288     290     293     290     285     285     286     289     291     286     289
  2    -210    -246    -224      51     356     510     441     219    -116    -234    -236    -297
  3     344     353     257     367     232     180     175     270     345     371     239     232
  4    -112    -332    -358      91     461     493     375     289     -23    -131    -166    -124
  5     376     365     335     327     197     101      96     143     287     340     362     313
  6    -137    -142     -26     268     539     439     431     293      11    -244    -227    -152
  7     509     407     366     269      16     -79     -68     101     153     230     299     425
  8    -202     -39     191     277     380     300     319     495     417     134    -211    -161
  9     238     128     158     182     486     503     289     147     153     276     323     264
 10     420     221     101    -143    -385    -305    -145    -232    -100     247     389     454
 11       0       0       0       0       0       0       0       0       0       0       0       0  
 12       0       0       0       0       0       0       0       0       0       0       0       0  
 13       0       0       0       0       0       0       0       0       0       0       0       0  
 14       0       0       0       0       0       0       0       0       0       0       0       0  
 15       0       0       0       0       0       0       0       0       0       0       0       0  
 16       0       0       0       0       0       0       0       0       0       0       0       0  
 17       0       0       0       0       0       0       0       0       0       0       0       0  
 18       0       0       0       0       0       0       0       0       0       0       0       0  
 19       0       0       0       0       0       0       0       0       0       0       0       0  
 20       0       0       0       0       0       0       0       0       0       0       0       0  
Z:
          1       2       3       4
  1     476     485     500     536
  2    -285    -662     204     662
  3     499     504     403     578
  4    -413    -559     239     678
  5     145     165     518     827
  6      59     584     623    -517
  7     196     206     541     791
  8     720     606       1    -337
  9     317     402     531     675
 10     615     334     237    -674
 11      16      29     336     941
 12     682     551     443    -187
 13     656     619     420     102
 14     -72    -103      24     992
 15     403     587     527     465
 16    -353    -346    -105     863
 17     549     528     428     487
 18    -425    -463     674     388
 19     513     636     349     459
 20    -189    -463     -15     866
 21       0       0       0       0
 22       0       0       0       0
 23       0       0       0       0
 24       0       0       0       0
 25       0       0       0       0
 26       0       0       0       0
 27       0       0       0       0
 28       0       0       0       0
 29       0       0       0       0
 30       0       0       0       0
 31       0       0       0       0
 32       0       0       0       0
 33       0       0       0       0
 34       0       0       0       0
 35       0       0       0       0
 36       0       0       0       0
 37       0       0       0       0
 38       0       0       0       0
 39       0       0       0       0
 40       0       0       0       0
V:
          1       2       3       4       5       6       7       8       9      10      11      12      13      14      15      16
  1     623     580     579     605     570     580     589     597     605     597     589     580     570     605     579     580
  2       0      -4       7      -9      -5      -3       0       6      14       6       0      -3      -5      -9       7      -4
  3     -25      -4       7       6      13       9       8      13      22      13       8       9      13       6       7      -4
  4       9       3       1       5       8       7       7       9      12       9       7       7       8       5       1       3
  5      -4      -1      -1      -4      -2      -1       9      39      81      39       9      -1      -2      -4      -1      -1
  6      -4       0       0       3      -6      -3      -2      -1      -1      -1      -2      -3      -6       3       0       0
  7       7       8       8       8       7       8       8       9      10       9       8       8       7       8       8       8
  8       5       3       3       0       0       0      -2      -7     -15      -7      -2       0       0       0       3       3
  9     -17      -3      -1      -1      28      17      10      11      16      11      10      17      28      -1      -1      -3
 10       6       5       2      -1      -3       0       3       9      17       9       3       0      -3      -1       2       5
 11      -7      -3       0      -1      -9      -7      -9     -18     -31     -18      -9      -7      -9      -1       0      -3
 12       5       3       2       5      -4      -1       1       1       0       1       1      -1      -4       5       2       3
 13      -5       2       7       9      12       9       5       0      -7       0       5       9      12       9       7       2
 14      -2       1      -2      -1       4       2       1       1       1       1       1       2       4      -1      -2       1
 15      -1      -8      -5      -1       4       1      -1      -2      -2      -2      -1       1       4      -1      -5      -8
 16       1      -1       0       1      -3      -1       1       3       7       3       1      -1      -3       1       0      -1
 17       0       9       4       3     -12      -7      -4      -7     -12      -7      -4      -7     -12       3       4       9
 18       2       2      -1      -1      -3      -2       0       2       5       2       0      -2      -3      -1      -1       2
 19      -8      -3       3       0      -5      -3       0       4       9       4       0      -3      -5       0       3      -3
 20       1       1      -2      -2       0       0       0       1       2       1       0       0       0      -2      -2       1
 21       0       0       0       0       0       0       0       0       0       0       0       0       0       0       0       0   
 22       0       0       0       0       0       0       0       0       0       0       0       0       0       0       0       0   
 23       0       0       0       0       0       0       0       0       0       0       0       0       0       0       0       0   
 24       0       0       0       0       0       0       0       0       0       0       0       0       0       0       0       0   
 25       0       0       0       0       0       0       0       0       0       0       0       0       0       0       0       0   
 26       0       0       0       0       0       0       0       0       0       0       0       0       0       0       0       0   
 27       0       0       0       0       0       0       0       0       0       0       0       0       0       0       0       0   
 28       0       0       0       0       0       0       0       0       0       0       0       0       0       0       0       0   
 29       0       0       0       0       0       0       0       0       0       0       0       0       0       0       0       0   
 30       0       0       0       0       0       0       0       0       0       0       0       0       0       0       0       0   
 31       0       0       0       0       0       0       0       0       0       0       0       0       0       0       0       0   
 32       0       0       0       0       0       0       0       0       0       0       0       0       0       0       0       0   
 33       0       0       0       0       0       0       0       0       0       0       0       0       0       0       0       0   
 34       0       0       0       0       0       0       0       0       0       0       0       0       0       0       0       0   
 35       0       0       0       0       0       0       0       0       0       0       0       0       0       0       0       0   
 36       0       0       0       0       0       0       0       0       0       0       0       0       0       0       0       0   
 37       0       0       0       0       0       0       0       0       0       0       0       0       0       0       0       0   
 38       0       0       0       0       0       0       0       0       0       0       0       0       0       0       0       0   
 39       0       0       0       0       0       0       0       0       0       0       0       0       0       0       0       0   
 40       0       0       0       0       0       0       0       0       0       0       0       0       0       0       0       0   
